9502735
9502730
9502728
9502724
9502722
9502721
9502718
9502714
9502712
9502703
9502699
9502694
9502690
9502689
9502688
9502684
9502675
9502670
9502665
9502664
9502661
9502659
9502657
9502648
9502647
9502644
9502638
9502636
9502633
9502630
9502622
9502621
9502620
9502616
9502615
9502614
9502612
9502611
9502606
9502604
9502598
9502596
9502594
9502592
9502585
9502584
9502581
9502576
9502571
9502566
9502563
9502561
9502560
9502559
9502558
9502554
9502552
9502548
9502539
9502536
9502535
9502532
9502521
9502520
9502518
9502513
9502512
9502507
9502506
9502505
9502503
9502497
9502493
9502492
9502488
9502487
9502486
9502483
9502480
9502479
9502478
9502469
9502468
9502464
9502460
9502459
9502456
9502454
9502452
9502450
9502449
9502444
9502439
9502435
9502426
9502425
9502423
9502415
9502414
9502411
9502409
9502404
9502400
9502399
9502397
9502393
9502389
9502387
9502380
9502378
9502376
9502372
9502371
9502366
9502364
9502352
9502351
9502349
9502348
9502345
9502341
9502337
9502331
9502330
9502324
9502323
9502319
9502318
9502312
9502311
9502310
9502303
9502299
9502295
9502292
9502289
9502283
9502279
9502275
9502270
9502267
9502264
9502262
9502253
9502247
9502242
9502238
9502236
9502235
9502229
9502228
9502227
9502220
9502217
9502216
9502213
9502211
9502209
9502208
9502205
9502199
9502197
9502196
9502195
9502194
9502185
9502184
9502183
9502180
9502177
9502174
9502171
9502168
9502164
9502162
9502160
9502152
9502151
9502150
9502147
9502144
9502139
9502137
9502136
9502132
9502122
9502121
9502114
9502107
9502103
9502096
9502093
9502089
9502086
9502077
9502074
9502073
9502059
9502054
9502053
9502050
9502047
9502046
9502041
9502037
9502035
9502033
9502032
9502029
9502025
9502022
9502020
9502016
9502012
9502006
9501998
9501993
9501991
9501990
9501989
9501985
9501983
9501980
9501978
9501976
9501975
9501974
9501971
9501968
9501967
9501966
9501965
9501963
9501961
9501960
9501957
9501946
9501944
9501929
9501927
9501926
9501924
9501923
9501920
9501919
9501918
9501915
9501913
9501911
9501909
9501905
9501899
9501892
9501891
9501888
9501886
9501883
9501880
9501879
9501877
9501876
9501869
9501868
9501867
9501865
9501864
9501862
9501856
9501855
9501852
9501851
9501849
9501846
9501843
9501841
9501840
9501839
9501837
9501836
9501833
9501832
9501831
9501829
9501828
9501827
9501826
9501824
9501823
9501822
9501820
9501819
9501810
9501807
9501799
9501797
9501793
9501791
9501790
9501789
9501788
9501787
9501786
9501781
9501778
9501775
9501774
9501773
9501771
9501764
9501754
9501752
9501748
9501747
9501746
9501745
9501744
9501741
9501739
9501738
9501735
9501730
9501726
9501725
9501721
9501718
9501716
9501714
9501711
9501710
9501708
9501704
9501702
9501701
9501694
9501686
9501684
9501683
9501682
9501680
9501678
9501676
9501674
9501671
9501670
9501669
9501666
9501663
9501661
9501660
9501659
9501657
9501656
9501655
9501651
9501649
9501648
9501647
9501645
9501644
9501642
9501641
9501639
9501635
9501632
9501630
9501628
9501622
9501620
9501611
9501607
9501604
9501602
9501600
9501597
9501592
9501587
9501583
9501580
9501577
9501576
9501572
9501567
9501566
9501562
9501561
9501560
9501559
9501557
9501556
9501552
9501548
9501546
9501545
9501544
9501543
9501538
9501535
9501533
9501531
9501527
9501524
9501523
9501521
9501519
9501517
9501516
9501515
9501513
9501512
9501511
9501510
9501509
9501507
9501505
9501502
9501501
9501499
9501495
9501492
9501488
9501487
9501483
9501481
9501477
9501474
9501470
9501469
9501461
9501460
9501453
9501449
9501447
9501445
9501444
9501443
9501440
9501439
9501438
9501437
9501436
9501435
9501433
9501429
9501426
9501424
9501423
9501418
9501417
9501413
9501411
9501410
9501408
9501406
9501400
9501399
9501398
9501397
9501393
9501392
9501390
9501389
9501387
9501385
9501382
9501381
9501380
9501378
9501377
9501373
9501370
9501366
9501365
9501364
9501363
9501361
9501360
9501359
9501358
9501352
9501350
9501349
9501347
9501346
9501345
9501337
9501336
9501335
9501332
9501329
9501328
9501327
9501326
9501325
9501324
9501322
9501321
9501319
9501317
9501316
9501314
9501313
9501312
9501311
9501307
9501304
9501303
9501302
9501300
9501297
9501295
9501294
9501293
9501292
9501291
9501289
9501284
9501283
9501281
9501280
9501278
9501277
9501276
9501274
9501273
9501272
9501271
9501269
9501267
9501266
9501265
9501263
9501261
9501260
9501257
9501255
9501254
9501252
9501250
9501249
9501248
9501247
9501246
9501245
9501244
9501242
9501241
9501239
9501237
9501235
9501234
9501232
9501231
9501229
9501227
9501226
9501225
9501223
9501221
9501220
9501218
9501217
9501215
9501212
9501210
9501205
9501203
9501202
9501201
9501198
9501197
9501196
9501195
9501194
9501192
9501187
9501186
9501181
9501180
9501176
9501173
9501171
9501168
9501166
9501164
9501163
9501160
9501155
9501151
9501149
9501148
9501147
9501140
9501139
9501138
9501137
9501135
9501134
9501129
9501126
9501123
9501121
9501119
9501117
9501116
9501115
9501113
9501112
9501110
9501109
9501108
9501106
9501105
9501103
9501102
9501101
9501100
9501099
9501098
9501097
9501096
9501092
9501089
9501088
9501087
9501086
9501085
9501084
9501083
9501082
9501081
9501079
9501076
9501073
9501072
9501070
9501065
9501061
9501060
9501058
9501057
9501056
9501054
9501053
9501049
9501045
9501042
9501040
9501039
9501038
9501037
9501036
9501034
9501032
9501030
9501028
9501027
9501026
9501025
9501022
9501021
9501018
9501013
9501012
9501010
9501009
9501007
9501006
9501002
9501001
9500991
9500985
9500983
9500981
9500980
9500974
9500970
9500966
9500965
9500963
9500960
9500954
9500953
9500951
9500949
9500946
9500943
9500942
9500939
9500938
9500937
9500935
9500933
9500932
9500929
9500928
9500927
9500926
9500917
9500916
9500914
9500913
9500910
9500909
9500908
9500906
9500904
9500903
9500902
9500901
9500897
9500895
9500894
9500891
9500889
9500887
9500886
9500882
9500872
9500870
9500867
9500866
9500862
9500860
9500859
9500857
9500856
9500855
9500851
9500846
9500845
9500842
9500841
9500840
9500837
9500836
9500835
9500834
9500832
9500830
9500829
9500825
9500820
9500818
9500817
9500815
9500813
9500812
9500811
9500810
9500806
9500805
9500803
9500802
9500800
9500796
9500793
9500792
9500791
9500790
9500785
9500779
9500778
9500777
9500776
9500774
9500773
9500772
9500770
9500769
9500768
9500765
9500764
9500758
9500757
9500754
9500752
9500744
9500742
9500740
9500737
9500734
9500731
9500730
9500728
9500727
9500726
9500725
9500724
9500723
9500721
9500718
9500717
9500715
9500714
9500713
9500712
9500711
9500709
9500706
9500700
9500690
9500688
9500685
9500678
9500677
9500675
9500671
9500669
9500666
9500663
9500660
9500659
9500655
9500654
9500653
9500649
9500648
9500644
9500636
9500635
9500634
9500632
9500630
9500628
9500627
9500626
9500625
9500624
9500621
9500618
9500617
9500616
9500615
9500614
9500613
9500612
9500611
9500600
9500598
9500594
9500592
9500586
9500583
9500582
9500581
9500580
9500579
9500576
9500572
9500571
9500567
9500565
9500562
9500561
9500559
9500557
9500556
9500555
9500552
9500550
9500549
9500547
9500545
9500543
9500539
9500538
9500537
9500535
9500534
9500533
9500531
9500530
9500519
9500518
9500517
9500516
9500509
9500506
9500505
9500504
9500501
9500499
9500496
9500495
9500494
9500492
9500490
9500486
9500484
9500483
9500481
9500480
9500478
9500473
9500472
9500470
9500468
9500464
9500463
9500461
9500459
9500455
9500453
9500452
9500451
9500447
9500441
9500439
9500437
9500436
9500435
9500433
9500431
9500429
9500428
9500427
9500425
9500424
9500423
9500422
9500419
9500417
9500414
9500413
9500411
9500406
9500403
9500399
9500398
9500397
9500396
9500391
9500389
9500388
9500385
9500384
9500382
9500381
9500379
9500376
9500375
9500372
9500371
9500368
9500365
9500363
9500361
9500356
9500355
9500354
9500353
9500352
9500350
9500347
9500345
9500343
9500342
9500338
9500336
9500334
9500333
9500330
9500325
9500320
9500319
9500318
9500317
9500311
9500309
9500306
9500305
9500301
9500299
9500297
9500296
9500289
9500288
9500287
9500286
9500283
9500279
9500278
9500277
9500275
9500274
9500272
9500271
9500268
9500263
9500262
9500261
9500260
9500253
9500247
9500246
9500243
9500242
9500239
9500237
9500235