9500231
9500229
9500223
9500222
9500221
9500217
9500215
9500212
9500211
9500210
9500209
9500208
9500207
9500201
9500199
9500198
9500194
9500193
9500191
9500190
9500189
9500188
9500179
9500177
9500175
9500170
9500169
9500168
9500165
9500163
9500161
9500158
9500157
9500155
9500154
9500152
9500150
9500148
9500147
9500145
9500140
9500139
9500138
9500137
9500136
9500133
9500128
9500126
9500123
9500110
9500106
9500103
9500101
9500100
9500096
9500093
9500092
9500088
9500087
9500085
9500083
9500080
9500069
9500064
9500062
9500060
9500056
9500055
9500052
9500048
9500045
9500044
9500038
9500036
9500033
9500032
9500022
9500021
9500016
9500014
9500011
9500009
9500004
9500002
9500001
9500000
9499996
9499994
9499993
9499992
9499990
9499989
9499988
9499987
9499984
9499979
9499978
9499977
9499975
9499973
9499967
9499965
9499960
9499958
9499957
9499955
9499952
9499950
9499948
9499947
9499946
9499945
9499944
9499943
9499942
9499938
9499937
9499933
9499932
9499926
9499924
9499921
9499920
9499919
9499913
9499912
9499908
9499907
9499906
9499905
9499901
9499897
9499895
9499894
9499892
9499890
9499888
9499886
9499883
9499882
9499880
9499879
9499866
9499865
9499864
9499860
9499858
9499856
9499855
9499853
9499851
9499850
9499849
9499848
9499845
9499844
9499843
9499842
9499840
9499839
9499838
9499836
9499834
9499833
9499831
9499826
9499825
9499822
9499820
9499819
9499818
9499814
9499807
9499799
9499792
9499789
9499788
9499786
9499785
9499782
9499779
9499778
9499777
9499775
9499774
9499772
9499771
9499769
9499765
9499764
9499762
9499761
9499760
9499759
9499755
9499752
9499749
9499745
9499738
9499734
9499733
9499731
9499727
9499724
9499723
9499720
9499719
9499716
9499712
9499711
9499709
9499699
9499698
9499694
9499684
9499682
9499680
9499676
9499675
9499674
9499673
9499672
9499671
9499660
9499656
9499655
9499651
9499650
9499646
9499645
9499644
9499637
9499636
9499635
9499633
9499630
9499629
9499628
9499626
9499620
9499617
9499615
9499613
9499609
9499607
9499605
9499604
9499603
9499602
9499597
9499595
9499592
9499590
9499587
9499584
9499583
9499582
9499577
9499575
9499573
9499569
9499565
9499560
9499559
9499558
9499555
9499553
9499552
9499551
9499549
9499546
9499545
9499541
9499540
9499533
9499530
9499529
9499528
9499527
9499526
9499525
9499522
9499520
9499517
9499514
9499511
9499510
9499505
9499503
9499502
9499496
9499489
9499488
9499487
9499483
9499480
9499478
9499469
9499468
9499464
9499457
9499455
9499450
9499438
9499435
9499434
9499427
9499423
9499421
9499420
9499419
9499418
9499415
9499414
9499409
9499407
9499405
9499401
9499397
9499395
9499393
9499390
9499384
9499382
9499380
9499378
9499374
9499373
9499372
9499370
9499366
9499363
9499362
9499361
9499354
9499350
9499349
9499339
9499338
9499337
9499335
9499330
9499328
9499327
9499326
9499314
9499309
9499308
9499306
9499305
9499303
9499296
9499295
9499291
9499289
9499288
9499283
9499276
9499275
9499273
9499272
9499268
9499260
9499259
9499256
9499255
9499254
9499248
9499245
9499240
9499234
9499232
9499229
9499225
9499224
9499221
9499218
9499208
9499205
9499202
9499201
9499200
9499197
9499194
9499191
9499189
9499188
9499183
9499182
9499180
9499179
9499176
9499175
9499172
9499171
9499169
9499166
9499154
9499153
9499150
9499143
9499139
9499138
9499137
9499133
9499132
9499119
9499117
9499116
9499115
9499113
9499112
9499111
9499096
9499095
9499093
9499081
9499080
9499076
9499074
9499072
9499068
9499063
9499056
9499049
9499043
9499041
9499037
9499036
9499035
9499033
9499031
9499030
9499026
9499024
9499023
9499021
9499016
9499013
9499001
9498998
9498992
9498985
9498978
9498977
9498974
9498971
9498969
9498967
9498961
9498960
9498951
9498949
9498941
9498940
9498938
9498936
9498933
9498932
9498931
9498929
9498926
9498916
9498915
9498914
9498909
9498908
9498905
9498904
9498899
9498897
9498893
9498892
9498889
9498887
9498885
9498883
9498882
9498879
9498878
9498872
9498869
9498868
9498866
9498865
9498863
9498862
9498860
9498859
9498857
9498856
9498855
9498854
9498853
9498852
9498849
9498845
9498838
9498836
9498834
9498833
9498824
9498822
9498812
9498809
9498807
9498805
9498801
9498799
9498794
9498793
9498785
9498772
9498770
9498767
9498765
9498762
9498760
9498759
9498757
9498753
9498750
9498748
9498747
9498743
9498739
9498733
9498727
9498724
9498723
9498722
9498721
9498720
9498719
9498718
9498715
9498711
9498708
9498706
9498705
9498699
9498692
9498678
9498675
9498674
9498673
9498671
9498663
9498656
9498655
9498654
9498648
9498647
9498645
9498642
9498640
9498631
9498630
9498629
9498627
9498624
9498620
9498619
9498617
9498616
9498609
9498608
9498607
9498605
9498603
9498599
9498598
9498597
9498596
9498594
9498593
9498591
9498590
9498584
9498581
9498578
9498577
9498575
9498574
9498573
9498572
9498570
9498568
9498561
9498559
9498557
9498556
9498554
9498553
9498552
9498547
9498545
9498542
9498541
9498537
9498533
9498531
9498524
9498520
9498517
9498516
9498514
9498510
9498507
9498505
9498504
9498499
9498498
9498496
9498491
9498488
9498487
9498484
9498483
9498480
9498478
9498477
9498475
9498468
9498465
9498463
9498451
9498449
9498444
9498442
9498438
9498436
9498429
9498426
9498424
9498422
9498418
9498417
9498413
9498409
9498405
9498404
9498398
9498397
9498396
9498393
9498392
9498390
9498388
9498383
9498375
9498373
9498370
9498369
9498364
9498360
9498358
9498356
9498355
9498353
9498352
9498351
9498348
9498345
9498337
9498334
9498333
9498332
9498331
9498329
9498328
9498326
9498325
9498324
9498321
9498318
9498316
9498315
9498312
9498306
9498297
9498296
9498295
9498294
9498293
9498289
9498287
9498284
9498283
9498276
9498275
9498268
9498264
9498263
9498257
9498256
9498255
9498254
9498252
9498251
9498250
9498249
9498247
9498245
9498244
9498243
9498240
9498238
9498234
9498232
9498227
9498225
9498224
9498220
9498216
9498211
9498206
9498205
9498201
9498197
9498195
9498190
9498189
9498187
9498183
9498181
9498179
9498177
9498175
9498174
9498173
9498170
9498168
9498167
9498165
9498164
9498163
9498162
9498161
9498160
9498158
9498157
9498156
9498155
9498154
9498152
9498150
9498148
9498146
9498144
9498143
9498141
9498139
9498138
9498137
9498136
9498134
9498131
9498130
9498129
9498127
9498125
9498122
9498121
9498115
9498112
9498108
9498107
9498106
9498104
9498098
9498096
9498095
9498087
9498086
9498085
9498083
9498081
9498080
9498079
9498076
9498071
9498066
9498063
9498054
9498052
9498051
9498050
9498047
9498044
9498041
9498034
9498032
9498030
9498020
9498019
9498017
9498013
9498010
9498009
9498008
9498007
9498005
9498004
9498003
9498002
9497995
9497994
9497989
9497987
9497984
9497982
9497979
9497978
9497977
9497974
9497972
9497970
9497967
9497966
9497965
9497961
9497959
9497958
9497957
9497956
9497955
9497954
9497953
9497951
9497950
9497949
9497947
9497946
9497944
9497943
9497941
9497940
9497939
9497933
9497931
9497928
9497927
9497926
9497923
9497918
9497917
9497916
9497913
9497911
9497908
9497904
9497903
9497902
9497900
9497899
9497897
9497896
9497895
9497894
9497885
9497883
9497879
9497878
9497874
9497873
9497869
9497863
9497862
9497857
9497855
9497853
9497852
9497843
9497842
9497841
9497833
9497831
9497827
9497826
9497819
9497817
9497811
9497804
9497802
9497797
9497796
9497795
9497792
9497788
9497786
9497783
9497779
9497775
9497774
9497769
9497766
9497761
9497760
9497757
9497756
9497749
9497742
9497741
9497739
9497738
9497736
9497731
9497730
9497728
9497725
9497724
9497723
9497719
9497717
9497711
9497709
9497708
9497706
9497704
9497700
9497698
9497697
9497696
9497692
9497691
9497690
9497689
9497688
9497687
9497686
9497685
9497682
9497679
9497677
9497676
9497675
9497674
9497673
9497672
9497670
9497669
9497668
9497667
9497666
9497665
9497663
9497661
9497660
9497655
9497653
9497652
9497651
9497650
9497649
9497648
9497646
9497645
9497642
9497641
9497640
9497639
9497635
9497634
9497631
9497628
9497626
9497618
9497617
9497616
9497615
9497614
9497611
9497605
9497603
9497600
9497597
9497596
9497595
9497594
9497591
9497590
9497589
9497588
9497587
9497585
9497583
9497582
9497580
9497579
9497578
9497577
9497576
9497575
9497574
9497571
9497570
9497568
9497566
9497565