9488150
9487544
9473661
9479275
9485488
9528157
9498625
9491531
9496486
9485499
9498432
9493647
9484179
9492720
9479520
9467298
9505608
9491048
9494197
9483638
9511191
9489755
9493959
9499600
9477287
9480630
9488465
9482198
9477474
9485558
9506229
9484784
9477836
9498742
9489156
9494732
9499136
9483033
9491062
9490801
9486373
9492911
9487823
9494122
9490622
9497803
9494140
9488507
9482238
9494525
9522526
9491955
9446879
9505304
9485790
9492567
9511939
9508488
9477793
9499161
9494841
9493563
9485391
9485030
9480265
9541072
9478764
9507074
9488369
9489532
9521506
9519800
9506473
9497705
9490662
9486763
9482831
9480896
9500722
9494232
9491440
9500008
9499159
9507159
9502640
9492558
9492524
9492315
9488722
9481601
9528234
9515857
9515121
9491091
9489409
9445980
9563312
9499051
9494315
9488626
9592154
9492376
9485306
9518531
9508508
9492995
9492836
9488538
9487720
9480375
9536952
9504876
9503219
9501945
9489365
9488481
9486072
9477240
9445259
9551709
9487687
9482578
9480805
9469028
9525305
9522694
9513364
9504823
9498781
9491633
9490870
9487393
9480450
9478298
9543604
9526508
9499737
9495920
9495679
9495197
9495157
9494317
9492904
9492784
9491903
9489540
9485773
9485297
9816584
9603098
9578877
9499383
9497764
9494262
9494198
9493532
9490689
9485920
9485274
9481317
9480261
9478307
9954084
9848127
9820447
9721998
9545811
9518532
9511569
9505431
9503557
9500957
9494221
9493802
9492693
9491840
9491343
9490041
9489644
9487761
9486065
9478839
9771069
9758085
9653897
9627643
9581072
9560920
9557546
9545801
9531706
9529994
9527230
9524302
9522797
9520538
9519770
9517245
9516717
9508237
9503760
9503456
9502362
9501871
9501681
9496139
9495191
9495028
9494663
9494537
9494298
9494061
9493430
9492601
9492387
9492009
9491486
9491426
9490937
9490657
9490581
9490340
9490212
9489511
9488999
9487413
9486961
9486665
9485665
9485621
9485485
9485384
9485352
9481638
9479744
9477662
9761799
9752859
9734256
9680564
9647434
9568783
9561723
9561139
9557993
9552598
9540849
9531067
9527650
9527039
9526571
9525158
9523707
9522880
9520755
9520316
9519421
9514266
9511813
9509209
9508447
9507545
9506720
9506270
9505278
9504632
9503635
9500816
9500370
9500206
9499885
9498579
9497560
9497312
9496809
9496765
9496614
9496414
9496229
9496116
9495215
9495013
9494944
9494814
9494751
9494660
9494471
9494437
9494269
9493278
9492927
9492917
9492623
9492516
9492472
9492244
9492161
9491842
9491611
9491598
9490969
9490497
9490492
9490219
9490215
9489487
9489482
9489110
9488575
9488340
9488114
9488054
9487938
9487215
9487059
9486953
9486310
9485691
9485351
9484691
9484669
9482473
9481900
9480149
9478936
9994279
9936460
9863980
9845261
9770428
9723478
9598009
9575876
9547933
9545839
9537030
9536613
9531170
9527859
9527140
9526578
9522145
9521077
9517740
9517528
9515081
9515000
9514155
9512937
9512928
9512848
9510926
9510876
9509148
9508781
9508497
9508411
9506776
9506639
9506383
9505770
9505621
9505527
9505376
9505360
9504772
9504583
9504066
9503794
9502821
9502700
9502176
9502098
9501719
9501468
9501403
9501091
9500738
9500735
9500597
9500248
9500226
9500114
9500074
9500066
9499220
9499184
9498758
9498633
9498558
9498269
9498045
9497909
9497875
9497773
9497586
9497191
9496963
9496857
9496666
9495230
9495118
9494755
9494653
9494639
9494356
9494355
9493966
9493873
9493786
9493573
9493489
9493482
9493288
9493254
9492897
9492865
9492860
9492810
9492261
9491691
9491666
9491527
9491350
9491165
9490459
9490429
9490286
9490276
9490274
9490068
9489823
9489462
9489441
9489111
9489012
9488935
9488849
9488543
9488523
9488440
9488416
9488341
9487594
9487169
9486852
9486790
9486696
9485891
9485846
9485837
9485571
9484827
9484715
9484636
9484545
9484426
9484367
9484206
9483691
9481924
9480634
9480239
9479767
9479585
9479547
9479336
9479306
9478968
9476895
9933706
9812199
9765394
9576424
9557687
9550526
9547410
9539842
9538100
9532882
9529989
9527750
9526916
9524707
9524325
9515040
9513676
9511923
9508768
9507300
9504456
9504088
9503797
9503288
9502580
9501356
9500629
9499696
9499693
9499449
9498560
9498265
9496692
9496266
9495925
9495637
9495629
9495531
9494330
9494155
9493888
9493518
9491257
9491119
9489789
9489062
9488561
9487753
9487357
9487050
9486066
9484891
9484301
9481701
9481429
9480503
9480084
9479119
9478369
9476930
10010499
10010425
10009299
10008007
10007887
10006215
10006187
10006007
10005811
10005491
10003823
10002809
10002242
10002184
10000116
9999960
9999859
9999666
9999475
9999105
9997956
9997947
9997920
9997831
9997740
9997374
9997329
9997205
9995804
9995099
9994883
9992315
9991957
9990270
9989871
9989314
9988646
9988443
9988361
9986914
9986680
9986166
9985859
9985727
9985674
9985605
9985434
9985432
9985400
9984259
9984138
9983818
9983353
9983314
9983009
9982888
9982783
9982469
9982449
9979227
9978914
9976423
9976187
9975770
9975707
9973699
9973643
9973291
9972946
9972895
9972084
9971941
9971684
9971250
9970485
9968787
9968651
9967573
9967384
9967326
9965403
9963318
9963173
9962972
9962733
9962117
9962088
9961726
9961534
9960847
9960703
9960491
9959959
9959837
9959796
9959729
9958552
9958175
9958131
9958084
9957671
9957011
9956912
9956711
9956520
9956411
9955687
9954266
9954233
9954226
9952534
9952432
9951648
9951627
9951399
9949774
9949661
9948222
9947538
9946666
9946442
9946330
9945772
9944662
9944126
9943584
9943218
9943023
9942637
9941522
9939581
9939000
9938928
9936533
9936159
9935882
9935856
9934901
9934226
9933587
9933331
9932987
9931080
9930602
9929843
9929738
9929355
9929342
9928568
9928494
9928488
9928419
9928266
9927492
9926522
9925792
9925692
9925395
9924348
9923909
9923305
9923237
9922904
9921517
9921209
9921100
9920450
9920272
9920206
9920022
9920002
9919982
9919967
9919958
9919915
9919885
9919776
9919661
9919654
9919332
9919221
9919118
9918438
9918411
9918397
9917786
9916257
9916174
9915445
9914763
9914172
9913720
9913289
9913256
9913099
9912452
9912317
9911951
9911584
9911445
9910860
9910417
9909811
9909626
9909372
9909114
9908753
9908622
9908422
9908246
9908130
9907986
9907351
9907133
9906770
9906160
9906029
9905989
9903947
9903632
9903608
9903545
9903442
9902983
9902358
9901182
9901181
9901062
9900760
9900067
9899818
9899625
9899565
9899550
9899237
9897853
9897807
9897069
9896749
9896180
9896057
9896014
9895610
9895443
9894882
9894406
9894396
9893941
9893864
9892644
9892477
9892423
9892192
9892082
9891588
9890925
9890336
9889766
9889610
9887903
9887511
9887442
9886923
9886637
9886496
9886246
9884616
9884432
9884344
9884179
9883578
9883515
9883226
9883224
9881336
9880849
9880837
9879552
9879401
9876771
9876630
9876480
9875638
9875345
9875180
9875017
9875010
9874907
9874858
9874528
9873891
9873686
9873560
9873458
9873231
9873134
9873074
9872519
9872271
9872146
9870789
9870775
9870478
9870437
9870177
9870130
9870104
9869730
9869281
9869269
9868872
9868089
9867757
9867397
9867211
9867168
9866488
9866455
9866025
9865638
9865097
9864856
9864398
9863916
9863100
9862890
9862303
9862236
9862178
9862093
9861822
9861670
9861360
9861229
9861006
9860735
9860705
9860633
9860494
9860236
9859677
9859617
9859238
9859170
9858746
9858632
9858391
9858191
9858152
9857941
9857617
9857328
9857033
9856408
9855858
9854459
9853983
9852954
9852678
9852234
9851970
9850925
9850794
9850371
9850241
9850093
9850084
9849418
9849133
9849008
9848824
9848134
9847789
9847562
9847472
9846438
9846420
9846130
9846057
9845696
9845297
9845214
9845200
9844905
9844839
9844817
9844694
9844481
9843774
9843287
9842446
9842384
9842294
9842293
9842158
9842017
9841880
9841120
9841085
9840941
9840128
9839997
9839698
9838291
9837976
9837857
9837078
9836907
9836338
9836099
9835931
9835905
9835647
9834766
9834540
9834522
9834447
9834251
9833657
9833604
9833502
9832479
9832239
9832184
9831892
9831551
9831522
9830993
9830936
9830688
9830570
9830569
9830367
9830002
9829561
9828455
9828173
9827480
9826165
9825672
9825575
9825524
9825512
9825509
9824900
9823580
9823518
9823240
9821441
9821221
9820675
9820459
9819535
9819274
9818683
9818534
9818461
9817881
9817840
9817784
9817234
9816943
9815958
9815633
9815584
9814998
9814845
9814736
9814570
9814555