9493412
9493411
9493410
9493405
9493404
9493402
9493401
9493400
9493399
9493397
9493395
9493394
9493390
9493389
9493388
9493384
9493382
9493381
9493377
9493373
9493367
9493366
9493365
9493364
9493363
9493359
9493358
9493357
9493355
9493354
9493353
9493352
9493351
9493350
9493349
9493348
9493347
9493345
9493343
9493342
9493340
9493337
9493336
9493335
9493330
9493329
9493328
9493327
9493325
9493324
9493321
9493319
9493305
9493303
9493299
9493296
9493295
9493293
9493292
9493289
9493286
9493285
9493282
9493280
9493279
9493276
9493274
9493273
9493272
9493270
9493266
9493264
9493263
9493262
9493261
9493259
9493256
9493255
9493253
9493252
9493251
9493250
9493249
9493248
9493247
9493245
9493244
9493242
9493240
9493239
9493238
9493234
9493233
9493232
9493231
9493229
9493227
9493225
9493224
9493222
9493221
9493218
9493213
9493212
9493211
9493208
9493205
9493204
9493203
9493200
9493198
9493197
9493196
9493194
9493193
9493192
9493184
9493183
9493182
9493181
9493180
9493178
9493177
9493176
9493175
9493174
9493172
9493171
9493170
9493168
9493167
9493166
9493162
9493161
9493160
9493159
9493155
9493154
9493152
9493151
9493150
9493148
9493146
9493145
9493142
9493141
9493139
9493138
9493136
9493135
9493134
9493133
9493132
9493131
9493129
9493126
9493125
9493121
9493120
9493119
9493116
9493113
9493112
9493111
9493104
9493102
9493101
9493099
9493098
9493096
9493094
9493093
9493090
9493087
9493085
9493084
9493083
9493082
9493081
9493080
9493077
9493076
9493074
9493069
9493067
9493066
9493065
9493062
9493061
9493060
9493058
9493057
9493055
9493053
9493051
9493050
9493048
9493047
9493046
9493043
9493042
9493040
9493039
9493036
9493035
9493034
9493033
9493028
9493024
9493022
9493017
9493015
9493012
9493010
9493008
9493003
9493002
9493001
9492998
9492996
9492994
9492993
9492992
9492990
9492989
9492988
9492983
9492977
9492976
9492975
9492965
9492964
9492963
9492958
9492956
9492955
9492952
9492949
9492946
9492945
9492944
9492939
9492932
9492931
9492930
9492924
9492923
9492922
9492918
9492916
9492915
9492908
9492905
9492901
9492900
9492899
9492894
9492891
9492885
9492884
9492882
9492881
9492879
9492878
9492875
9492874
9492870
9492869
9492868
9492867
9492866
9492864
9492861
9492859
9492858
9492856
9492854
9492853
9492849
9492845
9492841
9492837
9492834
9492833
9492829
9492828
9492823
9492820
9492819
9492818
9492812
9492802
9492801
9492798
9492795
9492793
9492787
9492779
9492773
9492772
9492771
9492762
9492760
9492759
9492757
9492756
9492746
9492743
9492740
9492739
9492737
9492735
9492732
9492731
9492729
9492726
9492725
9492722
9492717
9492713
9492712
9492711
9492709
9492708
9492707
9492705
9492701
9492696
9492695
9492694
9492686
9492685
9492684
9492682
9492677
9492675
9492674
9492672
9492671
9492670
9492666
9492662
9492654
9492647
9492644
9492642
9492640
9492639
9492638
9492632
9492629
9492626
9492625
9492624
9492622
9492621
9492616
9492615
9492614
9492609
9492607
9492606
9492605
9492604
9492602
9492600
9492599
9492598
9492595
9492594
9492592
9492587
9492576
9492574
9492572
9492568
9492566
9492563
9492556
9492554
9492552
9492551
9492547
9492546
9492545
9492542
9492538
9492536
9492534
9492525
9492521
9492519
9492515
9492509
9492508
9492506
9492504
9492503
9492501
9492500
9492498
9492495
9492494
9492493
9492488
9492486
9492485
9492483
9492480
9492471
9492469
9492467
9492464
9492460
9492452
9492449
9492445
9492444
9492442
9492439
9492438
9492437
9492435
9492432
9492428
9492424
9492420
9492419
9492415
9492413
9492409
9492405
9492404
9492403
9492399
9492398
9492397
9492396
9492394
9492390
9492382
9492381
9492380
9492379
9492378
9492377
9492373
9492371
9492368
9492362
9492361
9492357
9492356
9492355
9492353
9492347
9492344
9492343
9492341
9492339
9492337
9492336
9492334
9492332
9492331
9492330
9492328
9492326
9492322
9492318
9492313
9492310
9492309
9492308
9492304
9492301
9492300
9492298
9492295
9492291
9492290
9492283
9492279
9492276
9492272
9492266
9492262
9492259
9492258
9492253
9492252
9492250
9492249
9492247
9492241
9492237
9492228
9492225
9492224
9492222
9492221
9492220
9492219
9492216
9492215
9492214
9492213
9492208
9492207
9492204
9492202
9492200
9492191
9492183
9492181
9492179
9492178
9492175
9492170
9492166
9492165
9492164
9492160
9492151
9492148
9492140
9492135
9492132
9492128
9492122
9492119
9492117
9492115
9492111
9492108
9492105
9492104
9492102
9492101
9492098
9492088
9492087
9492086
9492082
9492078
9492076
9492075
9492071
9492067
9492065
9492063
9492062
9492061
9492059
9492053
9492052
9492039
9492035
9492034
9492029
9492026
9492024
9492022
9492020
9492019
9492018
9492016
9492005
9492001
9491997
9491991
9491990
9491985
9491981
9491975
9491973
9491971
9491969
9491968
9491963
9491961
9491960
9491958
9491953
9491952
9491951
9491949
9491944
9491939
9491938
9491937
9491935
9491928
9491924
9491920
9491919
9491918
9491916
9491914
9491913
9491912
9491905
9491902
9491900
9491896
9491894
9491886
9491873
9491871
9491867
9491864
9491854
9491852
9491844
9491841
9491834
9491833
9491831
9491824
9491816
9491813
9491810
9491805
9491799
9491794
9491793
9491792
9491791
9491785
9491784
9491783
9491782
9491766
9491758
9491755
9491753
9491741
9491740
9491738
9491733
9491731
9491730
9491727
9491719
9491718
9491717
9491714
9491710
9491709
9491706
9491703
9491701
9491700
9491698
9491697
9491696
9491692
9491690
9491685
9491680
9491676
9491674
9491669
9491668
9491661
9491655
9491653
9491650
9491646
9491645
9491640
9491639
9491636
9491632
9491630
9491627
9491624
9491623
9491616
9491613
9491609
9491607
9491606
9491605
9491603
9491599
9491596
9491594
9491590
9491587
9491586
9491583
9491582
9491580
9491579
9491578
9491577
9491576
9491573
9491566
9491553
9491549
9491545
9491535
9491533
9491522
9491521
9491520
9491517
9491515
9491514
9491513
9491508
9491507
9491506
9491495
9491492
9491491
9491483
9491481
9491479
9491478
9491474
9491467
9491465
9491463
9491454
9491452
9491445
9491432
9491431
9491430
9491429
9491428
9491427
9491424
9491418
9491416
9491412
9491411
9491409
9491408
9491406
9491399
9491398
9491394
9491393
9491389
9491388
9491387
9491386
9491385
9491384
9491383
9491382
9491380
9491377
9491376
9491375
9491374
9491373
9491370
9491367
9491365
9491363
9491362
9491361
9491360
9491359
9491354
9491353
9491349
9491342
9491340
9491338
9491336
9491335
9491331
9491330
9491328
9491324
9491322
9491320
9491318
9491316
9491315
9491312
9491310
9491309
9491307
9491305
9491302
9491300
9491298
9491291
9491290
9491288
9491287
9491285
9491283
9491281
9491279
9491275
9491271
9491270
9491264
9491261
9491259
9491255
9491254
9491253
9491251
9491250
9491249
9491245
9491238
9491230
9491226
9491223
9491222
9491220
9491219
9491218
9491217
9491213
9491211
9491206
9491199
9491185
9491184
9491182
9491172
9491171
9491163
9491162
9491157
9491156
9491153
9491151
9491150
9491146
9491139
9491137
9491131
9491129
9491128
9491125
9491123
9491120
9491116
9491114
9491110
9491107
9491104
9491103
9491100
9491099
9491098
9491094
9491090
9491089
9491086
9491084
9491083
9491080
9491079
9491077
9491075
9491072
9491069
9491068
9491066
9491065
9491063
9491061
9491060
9491054
9491047
9491043
9491042
9491040
9491035
9491033
9491031
9491028
9491019
9491018
9491017
9491016
9491013
9491010
9491003
9490999
9490993
9490986
9490984
9490976
9490971
9490967
9490965
9490961
9490959
9490955
9490954
9490952
9490951
9490949
9490947
9490944
9490943
9490938
9490935
9490934
9490930
9490929
9490924
9490923
9490922
9490918
9490915
9490911
9490901
9490897
9490893
9490891
9490889
9490888
9490886
9490884
9490882
9490881
9490869
9490868
9490862
9490859
9490855
9490852
9490850
9490849
9490846
9490845
9490844
9490841
9490837
9490836
9490835
9490832
9490828
9490822
9490820
9490819
9490817
9490814
9490813
9490812
9490808
9490806
9490802
9490795
9490793
9490792
9490791
9490790
9490789
9490786
9490784
9490779
9490775
9490773
9490772
9490768
9490766
9490765
9490764
9490759
9490752
9490749
9490748
9490747
9490746
9490744
9490743
9490741
9490736
9490735
9490734
9490733
9490732
9490730
9490728
9490726
9490722
9490719
9490718
9490716
9490714
9490710
9490709
9490708
9490707