9490704
9490703
9490702
9490699
9490696
9490695
9490694
9490693
9490692
9490690
9490682
9490681
9490680
9490678
9490676
9490674
9490672
9490670
9490669
9490667
9490666
9490664
9490655
9490652
9490651
9490650
9490648
9490645
9490643
9490641
9490638
9490637
9490634
9490628
9490627
9490625
9490618
9490616
9490615
9490614
9490611
9490610
9490609
9490605
9490603
9490597
9490596
9490595
9490594
9490593
9490590
9490588
9490587
9490585
9490582
9490580
9490577
9490575
9490574
9490573
9490568
9490564
9490561
9490557
9490556
9490554
9490553
9490548
9490547
9490546
9490545
9490544
9490541
9490537
9490535
9490534
9490532
9490531
9490529
9490525
9490524
9490523
9490521
9490520
9490519
9490515
9490514
9490511
9490510
9490508
9490506
9490505
9490504
9490503
9490502
9490501
9490500
9490498
9490490
9490488
9490486
9490481
9490479
9490478
9490474
9490471
9490467
9490464
9490463
9490462
9490460
9490458
9490456
9490454
9490453
9490452
9490451
9490449
9490447
9490446
9490444
9490443
9490442
9490441
9490439
9490438
9490437
9490436
9490434
9490433
9490431
9490430
9490428
9490422
9490420
9490419
9490418
9490417
9490416
9490415
9490414
9490413
9490412
9490407
9490406
9490404
9490403
9490402
9490401
9490399
9490397
9490396
9490395
9490394
9490392
9490389
9490388
9490386
9490383
9490382
9490381
9490379
9490378
9490377
9490373
9490371
9490365
9490364
9490363
9490361
9490356
9490355
9490354
9490352
9490350
9490349
9490347
9490346
9490345
9490343
9490342
9490341
9490339
9490337
9490336
9490335
9490334
9490333
9490331
9490328
9490326
9490325
9490324
9490322
9490319
9490318
9490316
9490315
9490314
9490313
9490312
9490311
9490310
9490309
9490308
9490306
9490303
9490301
9490296
9490292
9490291
9490290
9490288
9490287
9490285
9490282
9490281
9490280
9490278
9490275
9490271
9490270
9490269
9490267
9490265
9490262
9490261
9490260
9490259
9490255
9490254
9490253
9490252
9490251
9490245
9490243
9490242
9490239
9490238
9490236
9490233
9490232
9490229
9490228
9490225
9490222
9490220
9490217
9490213
9490210
9490209
9490207
9490205
9490203
9490200
9490199
9490198
9490196
9490195
9490194
9490190
9490188
9490186
9490182
9490181
9490180
9490179
9490176
9490175
9490173
9490171
9490170
9490169
9490165
9490164
9490161
9490160
9490155
9490154
9490153
9490152
9490146
9490142
9490141
9490139
9490138
9490137
9490135
9490133
9490132
9490131
9490129
9490126
9490125
9490124
9490122
9490120
9490118
9490117
9490116
9490113
9490111
9490110
9490109
9490108
9490107
9490105
9490103
9490101
9490099
9490094
9490093
9490091
9490090
9490088
9490086
9490084
9490082
9490080
9490078
9490073
9490072
9490071
9490067
9490064
9490062
9490061
9490058
9490056
9490055
9490053
9490052
9490050
9490048
9490046
9490045
9490044
9490043
9490042
9490039
9490038
9490036
9490035
9490032
9490031
9490030
9490028
9490026
9490023
9490020
9490015
9490014
9490012
9490009
9490007
9490004
9490001
9490000
9489999
9489998
9489997
9489996
9489995
9489993
9489992
9489991
9489989
9489988
9489987
9489986
9489985
9489984
9489983
9489979
9489978
9489977
9489974
9489973
9489971
9489970
9489969
9489968
9489966
9489962
9489960
9489959
9489956
9489955
9489954
9489951
9489949
9489947
9489946
9489944
9489943
9489942
9489941
9489940
9489938
9489937
9489933
9489931
9489930
9489926
9489920
9489916
9489914
9489912
9489910
9489908
9489907
9489904
9489902
9489900
9489888
9489887
9489886
9489883
9489876
9489872
9489870
9489869
9489868
9489865
9489863
9489862
9489859
9489857
9489856
9489854
9489853
9489852
9489851
9489848
9489847
9489844
9489841
9489834
9489833
9489832
9489829
9489820
9489819
9489816
9489813
9489812
9489811
9489809
9489808
9489807
9489805
9489801
9489800
9489799
9489797
9489795
9489794
9489791
9489790
9489787
9489784
9489782
9489776
9489775
9489774
9489773
9489770
9489769
9489768
9489767
9489764
9489762
9489761
9489760
9489757
9489752
9489750
9489748
9489744
9489742
9489741
9489740
9489731
9489727
9489724
9489720
9489718
9489716
9489714
9489713
9489712
9489710
9489706
9489705
9489704
9489702
9489701
9489700
9489698
9489696
9489695
9489694
9489691
9489690
9489689
9489688
9489685
9489683
9489682
9489681
9489679
9489678
9489673
9489672
9489670
9489669
9489668
9489665
9489662
9489660
9489657
9489652
9489650
9489649
9489647
9489641
9489637
9489635
9489632
9489629
9489628
9489626
9489625
9489619
9489618
9489616
9489613
9489610
9489607
9489604
9489602
9489600
9489599
9489592
9489589
9489586
9489580
9489573
9489572
9489568
9489564
9489562
9489559
9489555
9489554
9489552
9489551
9489549
9489543
9489541
9489536
9489533
9489530
9489529
9489525
9489524
9489513
9489507
9489506
9489505
9489499
9489495
9489493
9489491
9489490
9489484
9489481
9489477
9489475
9489470
9489469
9489468
9489466
9489464
9489463
9489458
9489457
9489455
9489454
9489438
9489437
9489435
9489429
9489428
9489426
9489423
9489422
9489421
9489419
9489418
9489412
9489410
9489407
9489404
9489402
9489397
9489396
9489378
9489377
9489376
9489375
9489371
9489370
9489367
9489357
9489353
9489352
9489348
9489347
9489342
9489340
9489332
9489330
9489329
9489325
9489323
9489322
9489320
9489318
9489317
9489316
9489314
9489312
9489311
9489309
9489306
9489304
9489300
9489298
9489296
9489291
9489290
9489289
9489287
9489281
9489279
9489277
9489276
9489275
9489271
9489269
9489265
9489261
9489258
9489257
9489253
9489251
9489249
9489247
9489246
9489239
9489238
9489235
9489233
9489232
9489226
9489223
9489222
9489220
9489212
9489211
9489206
9489205
9489196
9489193
9489190
9489175
9489174
9489167
9489166
9489162
9489160
9489159
9489158
9489157
9489152
9489150
9489147
9489145
9489144
9489142
9489138
9489137
9489134
9489127
9489120
9489119
9489118
9489115
9489114
9489096
9489092
9489090
9489084
9489080
9489077
9489075
9489073
9489071
9489069
9489066
9489060
9489058
9489055
9489052
9489051
9489041
9489039
9489037
9489036
9489031
9489030
9489026
9489013
9489009
9489005
9488997
9488992
9488970
9488968
9488966
9488964
9488962
9488960
9488948
9488946
9488944
9488939
9488934
9488933
9488931
9488930
9488927
9488925
9488920
9488913
9488907
9488905
9488904
9488897
9488888
9488885
9488861
9488860
9488855
9488852
9488842
9488839
9488838
9488837
9488834
9488820
9488816
9488813
9488811
9488809
9488808
9488805
9488803
9488796
9488794
9488782
9488780
9488779
9488777
9488776
9488774
9488760
9488757
9488755
9488753
9488752
9488746
9488742
9488740
9488735
9488731
9488730
9488728
9488719
9488711
9488710
9488705
9488702
9488700
9488698
9488684
9488681
9488668
9488662
9488659
9488658
9488652
9488642
9488640
9488637
9488628
9488622
9488619
9488616
9488614
9488603
9488601
9488597
9488595
9488589
9488588
9488586
9488581
9488579
9488576
9488572
9488570
9488562
9488560
9488556
9488555
9488554
9488552
9488545
9488535
9488521
9488498
9488496
9488492
9488489
9488486
9488484
9488468
9488466
9488462
9488456
9488455
9488452
9488447
9488443
9488437
9488432
9488431
9488430
9488429
9488418
9488413
9488412
9488411
9488409
9488400
9488398
9488391
9488390
9488386
9488379
9488376
9488375
9488374
9488370
9488367
9488362
9488361
9488357
9488355
9488353
9488351
9488350
9488347
9488344
9488338
9488336
9488328
9488300
9488299
9488292
9488286
9488276
9488274
9488270
9488266
9488264
9488259
9488257
9488249
9488241
9488236
9488234
9488233
9488229
9488216
9488195
9488190
9488186
9488179
9488178
9488177
9488175
9488171
9488161
9488158
9488155
9488152
9488140
9488137
9488133
9488128
9488125
9488121
9488120
9488109
9488104
9488099
9488095
9488094
9488090
9488079
9488065
9488061
9488051
9488044
9488043
9488038
9488037
9488036
9488035
9488034
9488022
9488015
9488014
9488005
9487999
9487998
9487995
9487991
9487988
9487977
9487976
9487968
9487966
9487965
9487959
9487952
9487950
9487949
9487947
9487946
9487939
9487937
9487934
9487931
9487930
9487926
9487925
9487923
9487916
9487915
9487909
9487908
9487902
9487892
9487891
9487889
9487887
9487882
9487880
9487876
9487874
9487870
9487868
9487854
9487850
9487845
9487836
9487832
9487828
9487824
9487817
9487810
9487807
9487806
9487801
9487799
9487798
9487796
9487792
9487790
9487788
9487785
9487784
9487782
9487781
9487780
9487776