9487773
9487772
9487771
9487765
9487759
9487758
9487755
9487745
9487743
9487739
9487737
9487729
9487713
9487712
9487711
9487709
9487708
9487707
9487706
9487700
9487698
9487683
9487680
9487679
9487672
9487668
9487667
9487665
9487664
9487663
9487662
9487658
9487652
9487647
9487646
9487644
9487642
9487635
9487632
9487627
9487621
9487620
9487608
9487605
9487601
9487599
9487598
9487593
9487590
9487589
9487588
9487585
9487583
9487576
9487575
9487574
9487572
9487570
9487568
9487566
9487565
9487564
9487562
9487561
9487560
9487558
9487557
9487555
9487554
9487553
9487552
9487546
9487545
9487543
9487538
9487533
9487532
9487531
9487530
9487529
9487522
9487521
9487520
9487519
9487518
9487517
9487515
9487513
9487510
9487508
9487507
9487506
9487505
9487504
9487503
9487501
9487500
9487489
9487488
9487486
9487483
9487482
9487479
9487478
9487475
9487474
9487471
9487470
9487468
9487467
9487466
9487464
9487461
9487460
9487456
9487454
9487453
9487452
9487448
9487447
9487446
9487445
9487443
9487441
9487440
9487439
9487438
9487436
9487435
9487433
9487432
9487429
9487427
9487423
9487422
9487421
9487420
9487415
9487414
9487412
9487407
9487399
9487395
9487394
9487391
9487390
9487387
9487385
9487383
9487382
9487381
9487380
9487376
9487375
9487374
9487371
9487370
9487368
9487366
9487365
9487362
9487361
9487359
9487358
9487355
9487354
9487352
9487349
9487346
9487345
9487341
9487340
9487339
9487336
9487335
9487333
9487332
9487331
9487330
9487328
9487327
9487326
9487325
9487322
9487321
9487319
9487318
9487309
9487306
9487305
9487304
9487302
9487297
9487295
9487294
9487292
9487291
9487290
9487289
9487284
9487283
9487282
9487281
9487279
9487276
9487275
9487271
9487270
9487268
9487267
9487265
9487264
9487262
9487261
9487260
9487259
9487257
9487256
9487255
9487254
9487249
9487247
9487245
9487240
9487239
9487238
9487237
9487234
9487233
9487231
9487230
9487229
9487228
9487227
9487226
9487224
9487223
9487221
9487218
9487216
9487213
9487211
9487208
9487206
9487205
9487201
9487199
9487197
9487195
9487194
9487192
9487189
9487187
9487186
9487185
9487183
9487182
9487181
9487180
9487175
9487174
9487173
9487172
9487170
9487168
9487167
9487166
9487165
9487164
9487162
9487161
9487158
9487157
9487156
9487155
9487153
9487151
9487150
9487147
9487146
9487145
9487144
9487141
9487136
9487134
9487132
9487129
9487128
9487126
9487123
9487121
9487118
9487115
9487113
9487109
9487105
9487103
9487102
9487098
9487093
9487092
9487091
9487089
9487088
9487086
9487085
9487083
9487078
9487077
9487075
9487074
9487073
9487068
9487066
9487065
9487064
9487063
9487060
9487058
9487056
9487055
9487054
9487053
9487049
9487048
9487046
9487045
9487043
9487039
9487038
9487037
9487035
9487033
9487032
9487031
9487030
9487029
9487028
9487026
9487023
9487021
9487020
9487018
9487017
9487016
9487014
9487013
9487012
9487009
9487008
9487005
9487004
9487002
9487000
9486999
9486998
9486997
9486988
9486986
9486984
9486982
9486981
9486979
9486977
9486976
9486973
9486966
9486965
9486963
9486960
9486959
9486956
9486954
9486950
9486949
9486948
9486947
9486945
9486944
9486941
9486939
9486938
9486937
9486935
9486931
9486930
9486927
9486926
9486923
9486919
9486917
9486914
9486912
9486911
9486910
9486907
9486903
9486902
9486901
9486900
9486895
9486894
9486893
9486892
9486891
9486890
9486889
9486888
9486886
9486885
9486884
9486882
9486881
9486878
9486876
9486875
9486874
9486870
9486868
9486864
9486861
9486860
9486859
9486858
9486856
9486851
9486850
9486848
9486846
9486845
9486844
9486843
9486838
9486837
9486835
9486834
9486831
9486829
9486828
9486827
9486825
9486822
9486820
9486819
9486816
9486813
9486812
9486811
9486810
9486808
9486805
9486804
9486800
9486799
9486798
9486795
9486792
9486788
9486785
9486783
9486782
9486779
9486778
9486777
9486776
9486771
9486770
9486769
9486768
9486767
9486765
9486764
9486761
9486758
9486756
9486754
9486751
9486747
9486745
9486744
9486741
9486740
9486737
9486730
9486729
9486725
9486723
9486722
9486716
9486715
9486711
9486710
9486705
9486702
9486699
9486693
9486688
9486675
9486666
9486663
9486660
9486655
9486654
9486650
9486648
9486647
9486643
9486634
9486624
9486620
9486612
9486597
9486596
9486581
9486579
9486575
9486567
9486566
9486561
9486560
9486551
9486541
9486540
9486533
9486526
9486524
9486517
9486515
9486506
9486505
9486496
9486488
9486483
9486480
9486476
9486465
9486437
9486429
9486414
9486410
9486407
9486393
9486388
9486372
9486369
9486363
9486362
9486359
9486354
9486350
9486346
9486344
9486342
9486341
9486328
9486324
9486319
9486317
9486314
9486313
9486312
9486306
9486305
9486303
9486273
9486267
9486261
9486256
9486254
9486247
9486242
9486239
9486238
9486235
9486232
9486222
9486197
9486176
9486173
9486166
9486165
9486164
9486158
9486157
9486131
9486129
9486128
9486125
9486123
9486122
9486121
9486114
9486108
9486105
9486102
9486091
9486089
9486081
9486074
9486069
9486064
9486042
9486038
9486035
9486021
9486020
9486018
9486016
9486014
9486011
9486005
9485997
9485991
9485982
9485977
9485969
9485968
9485949
9485938
9485930
9485923
9485919
9485917
9485886
9485864
9485863
9485839
9485838
9485836
9485832
9485817
9485812
9485805
9485803
9485796
9485787
9485784
9485783
9485781
9485771
9485768
9485767
9485765
9485764
9485763
9485760
9485753
9485748
9485730
9485725
9485724
9485723
9485712
9485701
9485699
9485698
9485693
9485690
9485689
9485687
9485678
9485675
9485673
9485660
9485649
9485642
9485641
9485640
9485631
9485610
9485601
9485596
9485586
9485582
9485572
9485570
9485565
9485560
9485559
9485557
9485556
9485547
9485539
9485529
9485525
9485524
9485523
9485520
9485514
9485513
9485511
9485500
9485498
9485496
9485495
9485493
9485476
9485471
9485466
9485463
9485462
9485455
9485452
9485451
9485449
9485448
9485441
9485437
9485432
9485430
9485425
9485421
9485419
9485415
9485414
9485412
9485410
9485399
9485387
9485378
9485377
9485360
9485341
9485331
9485330
9485328
9485327
9485324
9485315
9485314
9485311
9485307
9485295
9485288
9485284
9485282
9485276
9485269
9485266
9485264
9485258
9485255
9485251
9485250
9485244
9485239
9485229
9485227
9485224
9485223
9485218
9485214
9485210
9485201
9485198
9485196
9485185
9485183
9485180
9485175
9485173
9485172
9485160
9485148
9485144
9485138
9485134
9485131
9485130
9485125
9485123
9485111
9485090
9485086
9485077
9485068
9485058
9485053
9485052
9485047
9485043
9485042
9485014
9485011
9484988
9484986
9484983
9484979
9484978
9484965
9484961
9484950
9484948
9484944
9484940
9484930
9484925
9484918
9484911
9484906
9484903
9484902
9484901
9484900
9484896
9484894
9484892
9484890
9484888
9484886
9484870
9484867
9484866
9484864
9484857
9484856
9484854
9484851
9484849
9484848
9484846
9484845
9484844
9484840
9484834
9484828
9484826
9484821
9484818
9484817
9484816
9484812
9484811
9484810
9484808
9484804
9484803
9484802
9484801
9484799
9484798
9484797
9484793
9484789
9484782
9484780
9484777
9484774
9484772
9484767
9484762
9484760
9484758
9484757
9484751
9484749
9484747
9484741
9484737
9484733
9484724
9484723
9484717
9484711
9484710
9484703
9484701
9484700
9484699
9484697
9484696
9484694
9484689
9484688
9484687
9484686
9484680
9484679
9484672
9484671
9484667
9484661
9484652
9484650
9484649
9484644
9484639
9484638
9484635
9484634
9484633
9484632
9484630
9484629
9484628
9484627
9484625
9484622
9484617
9484615
9484614
9484613
9484607
9484606
9484604
9484603
9484602
9484601
9484599
9484597
9484596
9484593
9484592
9484590
9484585
9484583
9484581
9484576
9484570
9484567
9484564
9484563
9484562
9484561
9484560
9484557
9484556
9484555
9484553
9484552
9484550
9484549
9484547
9484544
9484543
9484538
9484530
9484527
9484524
9484521
9484519
9484512
9484510
9484507
9484505
9484502
9484501
9484499
9484498
9484493
9484489
9484482
9484481
9484478
9484477
9484476
9484475
9484474
9484471
9484470
9484469
9484468
9484467
9484465
9484464
9484462
9484458
9484457
9484452
9484449
9484448
9484447
9484445
9484443
9484439
9484434
9484432
9484430
9484425
9484424
9484421
9484418
9484413
9484410
9484409
9484407
9484404
9484402
9484397
9484396
9484395
9484391
9484389
9484388
9484387
9484385
9484384
9484382
9484378
9484373