9521176
9521175
9521171
9521170
9521169
9521168
9521166
9521151
9521149
9521140
9521139
9521127
9521120
9521118
9521105
9521100
9521058
9521052
9521046
9521035
9521033
9521032
9521018
9521011
9521010
9521003
9520998
9520975
9520974
9520969
9520967
9520961
9520955
9520939
9520937
9520934
9520929
9520926
9520925
9520898
9520897
9520892
9520885
9520879
9520876
9520874
9520871
9520859
9520855
9520832
9520813
9520806
9520805
9520795
9520792
9520789
9520788
9520786
9520768
9520754
9520738
9520712
9520701
9520686
9520679
9520678
9520668
9520649
9520644
9520636
9520621
9520584
9520582
9520579
9520573
9520570
9520554
9520549
9520544
9520541
9520539
9520536
9520534
9520521
9520519
9520515
9520492
9520487
9520461
9520457
9520452
9520438
9520436
9520433
9520424
9520423
9520422
9520421
9520414
9520407
9520381
9520379
9520375
9520371
9520363
9520351
9520340
9520332
9520322
9520313
9520306
9520303
9520280
9520269
9520260
9520243
9520232
9520230
9520225
9520216
9520195
9520178
9520170
9520165
9520156
9520145
9520135
9520129
9520125
9520123
9520118
9520115
9520105
9520087
9520085
9520065
9520064
9520058
9520048
9520034
9520016
9520009
9519996
9519993
9519990
9519989
9519988
9519965
9519941
9519940
9519935
9519934
9519930
9519901
9519895
9519892
9519887
9519875
9519872
9519866
9519861
9519855
9519842
9519841
9519833
9519820
9519819
9519810
9519806
9519802
9519791
9519782
9519773
9519768
9519766
9519761
9519755
9519743
9519739
9519711
9519709
9519706
9519704
9519696
9519666
9519661
9519642
9519639
9519637
9519632
9519620
9519617
9519611
9519601
9519599
9519596
9519583
9519582
9519578
9519574
9519564
9519555
9519546
9519538
9519531
9519530
9519511
9519499
9519496
9519490
9519486
9519474
9519472
9519458
9519451
9519446
9519432
9519430
9519423
9519415
9519412
9519387
9519370
9519340
9519338
9519337
9519335
9519331
9519330
9519328
9519317
9519314
9519305
9519296
9519294
9519287
9519281
9519272
9519271
9519268
9519254
9519245
9519240
9519234
9519228
9519220
9519219
9519217
9519204
9519199
9519194
9519193
9519189
9519176
9519175
9519165
9519160
9519154
9519136
9519122
9519115
9519102
9519092
9519080
9519068
9519035
9519022
9519016
9519002
9519000
9518998
9518995
9518990
9518974
9518968
9518966
9518965
9518962
9518949
9518940
9518928
9518927
9518924
9518917
9518916
9518915
9518912
9518900
9518899
9518880
9518865
9518852
9518826
9518818
9518817
9518788
9518787
9518741
9518733
9518718
9518716
9518702
9518701
9518687
9518684
9518674
9518669
9518668
9518656
9518646
9518634
9518616
9518600
9518594
9518583
9518581
9518579
9518578
9518570
9518552
9518520
9518504
9518503
9518488
9518479
9518474
9518468
9518465
9518460
9518456
9518450
9518437
9518436
9518412
9518403
9518401
9518386
9518385
9518379
9518368
9518366
9518336
9518321
9518310
9518307
9518304
9518300
9518287
9518284
9518283
9518279
9518273
9518242
9518203
9518192
9518165
9518152
9518146
9518145
9518142
9518120
9518111
9518110
9518103
9518079
9518068
9518063
9518043
9518038
9518026
9518022
9518015
9518009
9518003
9518002
9517987
9517971
9517966
9517964
9517932
9517927
9517925
9517920
9517889
9517888
9517867
9517866
9517840
9517839
9517835
9517817
9517809
9517780
9517775
9517769
9517747
9517744
9517742
9517738
9517730
9517723
9517698
9517673
9517665
9517652
9517651
9517644
9517640
9517633
9517612
9517610
9517600
9517581
9517567
9517561
9517552
9517550
9517542
9517506
9517504
9517503
9517499
9517495
9517492
9517491
9517486
9517485
9517481
9517477
9517457
9517448
9517444
9517443
9517419
9517405
9517404
9517402
9517387
9517386
9517378
9517366
9517361
9517350
9517325
9517315
9517303
9517292
9517287
9517284
9517274
9517272
9517265
9517262
9517259
9517258
9517242
9517239
9517236
9517229
9517226
9517220
9517217
9517216
9517210
9517204
9517193
9517191
9517186
9517185
9517171
9517157
9517148
9517147
9517146
9517125
9517123
9517102
9517096
9517086
9517085
9517076
9517070
9517067
9517066
9517060
9517054
9517041
9517033
9517032
9517020
9517016
9516997
9516990
9516981
9516973
9516962
9516959
9516957
9516946
9516923
9516922
9516912
9516901
9516900
9516886
9516873
9516870
9516865
9516834
9516829
9516823
9516822
9516816
9516810
9516807
9516803
9516793
9516790
9516785
9516775
9516769
9516757
9516756
9516752
9516746
9516739
9516737
9516730
9516715
9516713
9516712
9516703
9516682
9516678
9516677
9516671
9516660
9516659
9516657
9516648
9516639
9516638
9516635
9516632
9516629
9516623
9516610
9516609
9516603
9516598
9516595
9516586
9516570
9516567
9516565
9516564
9516547
9516545
9516544
9516532
9516518
9516502
9516483
9516481
9516470
9516461
9516447
9516434
9516433
9516432
9516417
9516411
9516386
9516367
9516366
9516363
9516357
9516355
9516354
9516353
9516348
9516343
9516341
9516336
9516328
9516325
9516324
9516319
9516315
9516302
9516296
9516295
9516289
9516287
9516286
9516285
9516282
9516270
9516269
9516258
9516252
9516246
9516238
9516229
9516228
9516225
9516221
9516209
9516206
9516163
9516158
9516153
9516138
9516135
9516129
9516113
9516111
9516106
9516097
9516076
9516062
9516061
9516058
9515996
9515993
9515986
9515966
9515950
9515938
9515934
9515929
9515926
9515875
9515868
9515861
9515856
9515838
9515823
9515806
9515804
9515800
9515788
9515786
9515754
9515753
9515745
9515741
9515706
9515697
9515687
9515685
9515667
9515660
9515656
9515652
9515626
9515608
9515607
9515593
9515587
9515583
9515567
9515564
9515563
9515562
9515524
9515518
9515517
9515509
9515493
9515470
9515438
9515425
9515382
9515381
9515376
9515370
9515362
9515359
9515335
9515334
9515326
9515308
9515283
9515282
9515272
9515252
9515214
9515182
9515180
9515179
9515175
9515173
9515171
9515169
9515166
9515150
9515133
9515130
9515123
9515118
9515089
9515068
9515046
9515035
9515027
9515011
9515007
9514985
9514981
9514965
9514951
9514950
9514943
9514939
9514929
9514925
9514916
9514899
9514888
9514876
9514862
9514860
9514857
9514839
9514838
9514836
9514835
9514833
9514814
9514810
9514799
9514785
9514778
9514773
9514770
9514737
9514736
9514724
9514720
9514717
9514688
9514686
9514658
9514657
9514656
9514654
9514607
9514601
9514595
9514592
9514575
9514574
9514572
9514557
9514552
9514543
9514540
9514533
9514529
9514525
9514515
9514510
9514507
9514500
9514482
9514477
9514460
9514456
9514450
9514448
9514439
9514432
9514396
9514393
9514384
9514366
9514356
9514355
9514313
9514308
9514289
9514288
9514254
9514250
9514241
9514240
9514230
9514220
9514211
9514208
9514192
9514185
9514181
9514157
9514143
9514132
9514116
9514113
9514073
9514069
9514065
9514057
9514048
9514047
9514043
9514036
9514033
9514027
9514022
9514018
9514016
9514012
9514004
9514001
9513985
9513961
9513954
9513937
9513929
9513927
9513924
9513907
9513899
9513889
9513885
9513879
9513870
9513868
9513857
9513842
9513833
9513826
9513813
9513812
9513808
9513797
9513793
9513787
9513775
9513768
9513749
9513735
9513729
9513723
9513714
9513712
9513710
9513708
9513704
9513701
9513690
9513683
9513677
9513671
9513649
9513630
9513624
9513617
9513614
9513584
9513572
9513522
9513510
9513507
9513500
9513453
9513445
9513432
9513430
9513420
9513419
9513412
9513409
9513408
9513404
9513395
9513394
9513377
9513363
9513358
9513350
9513339
9513321
9513311
9513304
9513299
9513286
9513285
9513269
9513265
9513258
9513255
9513237
9513235
9513202
9513201
9513196
9513189
9513177
9513170
9513145
9513143
9513131
9513118
9513117
9513094
9513089
9513072
9513071
9513066
9513064
9513047
9513046
9513043
9513040
9513038
9513025
9513024
9513022
9513014
9513012
9512998
9512992
9512989
9512972
9512961
9512955
9512951
9512935
9512929
9512926
9512925
9512919
9512907
9512895
9512888
9512887
9512871
9512867
9512834
9512817
9512806
9512805
9512784
9512776
9512763
9512730
9512699
9512694
9512687
9512667
9512664
9512626
9512623
9512620
9512610
9512600
9512594
9512577
9512568
9512561
9512539
9512538
9512523
9512522
9512513
9512507
9512482
9512456
9512455
9512433
9512429
9512426
9512406
9512398
9512391
9512390
9512389
9512367
9512361
9512360
9512337
9512330
9512322
9512321
9512292
9512274
9512245
9512214
9512207
9512201
9512196
9512195
9512174
9512171
9512169
9512163
9512162
9512141