9506576
9506570
9506566
9506561
9506560
9506559
9506557
9506555
9506553
9506550
9506549
9506544
9506542
9506540
9506534
9506533
9506529
9506524
9506522
9506521
9506520
9506517
9506516
9506514
9506513
9506511
9506510
9506509
9506503
9506497
9506495
9506494
9506493
9506491
9506488
9506487
9506478
9506476
9506474
9506471
9506468
9506464
9506463
9506462
9506459
9506458
9506456
9506452
9506451
9506448
9506445
9506440
9506435
9506434
9506432
9506425
9506424
9506423
9506420
9506419
9506416
9506415
9506409
9506408
9506406
9506405
9506396
9506395
9506394
9506387
9506384
9506380
9506378
9506377
9506372
9506371
9506370
9506367
9506363
9506360
9506358
9506354
9506346
9506343
9506336
9506329
9506328
9506327
9506321
9506306
9506294
9506291
9506288
9506284
9506281
9506280
9506279
9506278
9506276
9506275
9506274
9506273
9506271
9506267
9506266
9506260
9506252
9506250
9506247
9506243
9506233
9506232
9506225
9506221
9506218
9506215
9506213
9506209
9506203
9506202
9506199
9506197
9506194
9506188
9506186
9506182
9506180
9506178
9506175
9506173
9506159
9506154
9506153
9506142
9506138
9506130
9506115
9506113
9506112
9506110
9506107
9506103
9506102
9506099
9506093
9506086
9506078
9506075
9506072
9506069
9506067
9506061
9506058
9506055
9506050
9506048
9506034
9506031
9506030
9506025
9506022
9506010
9506003
9505996
9505994
9505988
9505983
9505982
9505979
9505978
9505976
9505975
9505968
9505967
9505962
9505961
9505960
9505957
9505944
9505942
9505938
9505934
9505931
9505930
9505914
9505905
9505902
9505889
9505888
9505887
9505883
9505869
9505851
9505848
9505845
9505844
9505841
9505840
9505827
9505823
9505822
9505818
9505817
9505809
9505806
9505805
9505796
9505793
9505790
9505782
9505779
9505769
9505762
9505757
9505752
9505749
9505727
9505718
9505717
9505708
9505701
9505700
9505694
9505690
9505689
9505681
9505672
9505665
9505664
9505659
9505654
9505645
9505641
9505639
9505636
9505629
9505620
9505618
9505597
9505590
9505589
9505585
9505583
9505577
9505576
9505570
9505565
9505561
9505559
9505558
9505556
9505554
9505546
9505539
9505537
9505536
9505534
9505533
9505522
9505517
9505499
9505492
9505488
9505487
9505486
9505484
9505476
9505470
9505468
9505466
9505463
9505462
9505458
9505450
9505449
9505436
9505434
9505423
9505422
9505410
9505408
9505401
9505391
9505390
9505374
9505371
9505370
9505367
9505359
9505358
9505357
9505345
9505337
9505332
9505328
9505323
9505322
9505317
9505312
9505310
9505302
9505301
9505299
9505293
9505292
9505291
9505289
9505276
9505266
9505261
9505258
9505240
9505233
9505231
9505220
9505217
9505210
9505209
9505200
9505198
9505190
9505184
9505179
9505177
9505174
9505169
9505165
9505161
9505158
9505149
9505148
9505141
9505139
9505135
9505134
9505131
9505125
9505124
9505118
9505115
9505114
9505112
9505108
9505104
9505102
9505089
9505086
9505082
9505080
9505076
9505066
9505060
9505058
9505052
9505040
9505037
9505036
9505034
9505029
9505015
9505013
9505008
9505003
9504998
9504995
9504993
9504987
9504977
9504972
9504969
9504968
9504966
9504957
9504956
9504949
9504945
9504943
9504942
9504936
9504935
9504934
9504932
9504930
9504929
9504926
9504924
9504922
9504918
9504917
9504916
9504913
9504912
9504911
9504906
9504904
9504900
9504898
9504892
9504890
9504886
9504885
9504884
9504883
9504881
9504872
9504868
9504867
9504860
9504856
9504855
9504852
9504850
9504849
9504848
9504828
9504825
9504818
9504816
9504815
9504805
9504803
9504802
9504800
9504797
9504790
9504788
9504781
9504778
9504776
9504765
9504762
9504759
9504755
9504745
9504744
9504743
9504741
9504739
9504737
9504734
9504718
9504714
9504703
9504701
9504697
9504694
9504692
9504677
9504670
9504668
9504665
9504660
9504658
9504656
9504653
9504651
9504650
9504649
9504648
9504647
9504637
9504627
9504626
9504621
9504617
9504605
9504603
9504601
9504596
9504593
9504592
9504589
9504587
9504584
9504576
9504575
9504571
9504565
9504558
9504557
9504553
9504552
9504549
9504540
9504530
9504528
9504525
9504519
9504513
9504510
9504503
9504502
9504500
9504495
9504494
9504493
9504491
9504490
9504489
9504487
9504486
9504481
9504475
9504463
9504461
9504459
9504453
9504445
9504438
9504437
9504435
9504433
9504429
9504426
9504421
9504419
9504418
9504415
9504413
9504408
9504407
9504406
9504399
9504398
9504396
9504388
9504382
9504379
9504377
9504373
9504344
9504341
9504339
9504336
9504333
9504329
9504325
9504323
9504318
9504311
9504308
9504300
9504299
9504298
9504295
9504291
9504288
9504284
9504278
9504276
9504275
9504273
9504272
9504270
9504267
9504266
9504265
9504259
9504248
9504246
9504239
9504236
9504234
9504232
9504227
9504225
9504224
9504221
9504220
9504219
9504215
9504210
9504207
9504205
9504204
9504202
9504200
9504199
9504192
9504190
9504186
9504180
9504175
9504173
9504172
9504169
9504160
9504150
9504149
9504141
9504140
9504137
9504135
9504134
9504132
9504129
9504128
9504127
9504126
9504125
9504123
9504122
9504121
9504120
9504119
9504118
9504116
9504115
9504114
9504111
9504110
9504108
9504102
9504101
9504087
9504085
9504084
9504083
9504081
9504080
9504079
9504078
9504076
9504071
9504069
9504067
9504065
9504064
9504063
9504061
9504058
9504056
9504055
9504052
9504050
9504048
9504046
9504044
9504041
9504039
9504038
9504037
9504035
9504033
9504029
9504026
9504023
9504019
9504016
9504015
9504013
9504012
9504008
9504005
9504001
9504000
9503997
9503994
9503993
9503988
9503984
9503983
9503982
9503979
9503976
9503968
9503967
9503960
9503958
9503957
9503955
9503952
9503949
9503947
9503943
9503941
9503937
9503936
9503927
9503922
9503921
9503917
9503910
9503909
9503908
9503906
9503904
9503903
9503902
9503900
9503895
9503894
9503893
9503892
9503888
9503886
9503885
9503878
9503876
9503875
9503872
9503869
9503867
9503866
9503862
9503860
9503858
9503847
9503844
9503838
9503836
9503829
9503827
9503824
9503822
9503815
9503814
9503813
9503807
9503806
9503802
9503798
9503787
9503780
9503778
9503774
9503773
9503772
9503770
9503767
9503766
9503764
9503762
9503757
9503751
9503749
9503746
9503743
9503738
9503736
9503735
9503733
9503731
9503729
9503728
9503727
9503726
9503724
9503722
9503719
9503715
9503713
9503711
9503709
9503706
9503702
9503701
9503697
9503684
9503683
9503677
9503672
9503671
9503666
9503662
9503657
9503656
9503653
9503647
9503638
9503637
9503633
9503632
9503627
9503623
9503622
9503617
9503616
9503615
9503610
9503608
9503607
9503605
9503597
9503594
9503593
9503592
9503586
9503583
9503580
9503569
9503567
9503558
9503555
9503553
9503551
9503546
9503543
9503541
9503537
9503532
9503527
9503525
9503520
9503519
9503518
9503516
9503515
9503511
9503509
9503507
9503505
9503501
9503499
9503497
9503496
9503495
9503491
9503489
9503479
9503476
9503463
9503459
9503453
9503450
9503448
9503442
9503440
9503439
9503438
9503436
9503432
9503431
9503430
9503422
9503419
9503412
9503411
9503410
9503409
9503405
9503402
9503393
9503392
9503390
9503389
9503388
9503387
9503386
9503382
9503381
9503380
9503368
9503358
9503356
9503355
9503347
9503346
9503342
9503340
9503330
9503329
9503325
9503321
9503320
9503309
9503308
9503304
9503303
9503302
9503301
9503298
9503293
9503292
9503291
9503289
9503283
9503279
9503274
9503272
9503271
9503268
9503265
9503262
9503258
9503253
9503252
9503251
9503243
9503242
9503236
9503234
9503226
9503222
9503210
9503207
9503202
9503201
9503200
9503193
9503191
9503189
9503188
9503183
9503180
9503176
9503169
9503167
9503163
9503162
9503160
9503153
9503152
9503148
9503146
9503144
9503142
9503141
9503140
9503139
9503137
9503133
9503124
9503118
9503113
9503111
9503098
9503095
9503083
9503082
9503078
9503075
9503074
9503066
9503063
9503055
9503053
9503052
9503050
9503049
9503048
9503047
9502999
9502993
9502982
9502939
9502930
9502929
9502926
9502924
9502917
9502915
9502913
9502912
9502911
9502898
9502895
9502892
9502887
9502885
9502883
9502872
9502864
9502860
9502859
9502857
9502856
9502855
9502854
9502851
9502839
9502836
9502834
9502832
9502829
9502827
9502820
9502814
9502805
9502795
9502789
9502788
9502787
9502786
9502783
9502773
9502768
9502767
9502766
9502763
9502762
9502761
9502759
9502758
9502756
9502751
9502748
9502747
9502742
9502740