9497564
9497561
9497558
9497556
9497555
9497553
9497550
9497549
9497547
9497544
9497542
9497541
9497538
9497537
9497536
9497534
9497533
9497532
9497531
9497530
9497526
9497523
9497518
9497516
9497515
9497513
9497512
9497511
9497510
9497508
9497505
9497504
9497503
9497502
9497501
9497500
9497499
9497498
9497497
9497495
9497493
9497492
9497491
9497489
9497485
9497484
9497483
9497482
9497481
9497480
9497478
9497474
9497472
9497471
9497470
9497468
9497467
9497466
9497464
9497463
9497459
9497458
9497457
9497456
9497455
9497454
9497453
9497452
9497451
9497450
9497449
9497448
9497447
9497443
9497441
9497440
9497437
9497436
9497434
9497432
9497430
9497428
9497426
9497424
9497423
9497422
9497421
9497419
9497418
9497417
9497415
9497412
9497411
9497410
9497409
9497408
9497403
9497402
9497400
9497397
9497396
9497391
9497387
9497386
9497385
9497383
9497382
9497381
9497380
9497379
9497378
9497377
9497376
9497373
9497371
9497369
9497368
9497367
9497366
9497365
9497363
9497362
9497361
9497359
9497355
9497354
9497353
9497352
9497351
9497348
9497346
9497344
9497342
9497341
9497340
9497338
9497336
9497335
9497334
9497332
9497328
9497327
9497326
9497325
9497324
9497321
9497319
9497315
9497314
9497313
9497311
9497310
9497308
9497307
9497305
9497304
9497300
9497298
9497294
9497293
9497291
9497288
9497287
9497286
9497284
9497283
9497281
9497280
9497279
9497275
9497274
9497271
9497270
9497268
9497267
9497263
9497261
9497259
9497258
9497257
9497254
9497253
9497252
9497251
9497250
9497249
9497248
9497247
9497244
9497242
9497241
9497240
9497238
9497236
9497233
9497232
9497230
9497226
9497225
9497222
9497221
9497220
9497219
9497218
9497212
9497210
9497209
9497204
9497202
9497201
9497199
9497198
9497196
9497193
9497190
9497189
9497186
9497184
9497183
9497182
9497181
9497178
9497177
9497174
9497169
9497168
9497166
9497165
9497164
9497162
9497161
9497158
9497157
9497156
9497155
9497154
9497150
9497149
9497148
9497146
9497144
9497142
9497140
9497138
9497134
9497132
9497131
9497130
9497128
9497126
9497125
9497124
9497121
9497119
9497114
9497112
9497109
9497108
9497107
9497106
9497104
9497102
9497101
9497100
9497099
9497097
9497096
9497094
9497093
9497091
9497089
9497087
9497085
9497084
9497083
9497079
9497078
9497077
9497076
9497075
9497074
9497072
9497071
9497069
9497068
9497067
9497064
9497063
9497062
9497061
9497060
9497059
9497057
9497055
9497053
9497052
9497051
9497049
9497046
9497044
9497043
9497041
9497040
9497039
9497038
9497036
9497035
9497034
9497030
9497027
9497021
9497017
9497016
9497015
9497014
9497013
9497012
9497011
9497008
9497004
9497002
9497000
9496999
9496998
9496994
9496993
9496991
9496988
9496987
9496985
9496982
9496977
9496976
9496975
9496973
9496972
9496970
9496969
9496968
9496967
9496966
9496961
9496959
9496958
9496957
9496956
9496953
9496952
9496951
9496950
9496948
9496946
9496945
9496944
9496942
9496940
9496935
9496932
9496930
9496928
9496925
9496924
9496923
9496922
9496921
9496920
9496919
9496917
9496913
9496912
9496908
9496907
9496906
9496905
9496904
9496903
9496900
9496899
9496898
9496897
9496896
9496895
9496890
9496882
9496881
9496878
9496877
9496874
9496873
9496871
9496870
9496867
9496866
9496864
9496863
9496860
9496859
9496854
9496853
9496849
9496848
9496845
9496843
9496841
9496840
9496839
9496838
9496837
9496836
9496830
9496827
9496825
9496822
9496821
9496820
9496819
9496818
9496817
9496816
9496815
9496813
9496812
9496811
9496808
9496805
9496803
9496802
9496801
9496800
9496798
9496797
9496795
9496794
9496793
9496791
9496788
9496787
9496786
9496785
9496784
9496783
9496780
9496779
9496777
9496776
9496772
9496770
9496769
9496768
9496767
9496766
9496764
9496763
9496758
9496754
9496753
9496751
9496746
9496741
9496735
9496732
9496730
9496729
9496725
9496724
9496722
9496717
9496716
9496714
9496713
9496711
9496710
9496707
9496706
9496705
9496704
9496703
9496700
9496695
9496691
9496690
9496688
9496687
9496686
9496685
9496684
9496683
9496681
9496680
9496679
9496677
9496673
9496670
9496669
9496667
9496663
9496661
9496660
9496659
9496655
9496654
9496653
9496652
9496651
9496650
9496649
9496648
9496647
9496645
9496644
9496641
9496640
9496638
9496637
9496636
9496634
9496633
9496632
9496631
9496630
9496627
9496626
9496623
9496619
9496618
9496617
9496615
9496610
9496608
9496606
9496598
9496597
9496592
9496590
9496586
9496583
9496581
9496577
9496576
9496575
9496574
9496568
9496565
9496559
9496558
9496557
9496554
9496553
9496552
9496551
9496550
9496548
9496547
9496546
9496544
9496543
9496542
9496540
9496536
9496534
9496532
9496531
9496530
9496524
9496523
9496520
9496519
9496514
9496511
9496509
9496507
9496505
9496504
9496502
9496499
9496496
9496493
9496492
9496489
9496487
9496485
9496483
9496482
9496479
9496478
9496473
9496471
9496467
9496466
9496464
9496463
9496462
9496456
9496452
9496450
9496448
9496447
9496445
9496444
9496443
9496440
9496439
9496438
9496436
9496434
9496431
9496430
9496425
9496423
9496416
9496412
9496408
9496407
9496406
9496405
9496404
9496400
9496399
9496398
9496395
9496394
9496391
9496389
9496388
9496386
9496385
9496384
9496380
9496379
9496378
9496376
9496372
9496369
9496368
9496365
9496363
9496362
9496361
9496360
9496358
9496357
9496356
9496353
9496352
9496349
9496348
9496345
9496339
9496338
9496336
9496333
9496331
9496329
9496328
9496322
9496314
9496312
9496311
9496310
9496300
9496298
9496297
9496295
9496294
9496291
9496290
9496288
9496287
9496286
9496282
9496279
9496276
9496271
9496269
9496268
9496267
9496265
9496262
9496260
9496259
9496257
9496254
9496252
9496250
9496248
9496247
9496246
9496245
9496242
9496241
9496239
9496228
9496226
9496224
9496223
9496222
9496221
9496220
9496217
9496215
9496214
9496213
9496211
9496209
9496208
9496207
9496205
9496203
9496197
9496195
9496194
9496189
9496188
9496184
9496183
9496182
9496180
9496177
9496175
9496174
9496173
9496170
9496168
9496167
9496166
9496162
9496161
9496160
9496159
9496158
9496157
9496156
9496154
9496152
9496151
9496148
9496147
9496146
9496145
9496144
9496143
9496141
9496138
9496137
9496133
9496132
9496131
9496129
9496124
9496123
9496122
9496121
9496120
9496118
9496115
9496111
9496109
9496107
9496106
9496102
9496101
9496098
9496095
9496094
9496093
9496092
9496090
9496086
9496085
9496083
9496079
9496078
9496076
9496070
9496069
9496067
9496066
9496065
9496064
9496063
9496061
9496059
9496058
9496056
9496055
9496052
9496051
9496049
9496048
9496047
9496044
9496042
9496041
9496038
9496036
9496032
9496031
9496030
9496029
9496027
9496026
9496025
9496023
9496020
9496018
9496016
9496015
9496012
9496011
9496009
9496005
9496002
9496000
9495999
9495998
9495997
9495994
9495993
9495991
9495989
9495985
9495984
9495982
9495981
9495979
9495977
9495976
9495975
9495973
9495970
9495967
9495966
9495964
9495963
9495961
9495960
9495955
9495954
9495953
9495952
9495946
9495945
9495944
9495943
9495942
9495939
9495938
9495937
9495936
9495934
9495933
9495932
9495931
9495924
9495922
9495919
9495917
9495915
9495912
9495911
9495905
9495903
9495901
9495900
9495898
9495897
9495896
9495894
9495893
9495886
9495883
9495882
9495880
9495875
9495871
9495870
9495868
9495866
9495862
9495861
9495857
9495855
9495852
9495851
9495850
9495849
9495847
9495846
9495839
9495838
9495837
9495836
9495835
9495834
9495833
9495832
9495831
9495826
9495825
9495824
9495823
9495822
9495820
9495818
9495817
9495816
9495815
9495813
9495810
9495808
9495807
9495806
9495805
9495804
9495803
9495801
9495800
9495798
9495791
9495790
9495788
9495786
9495784
9495783
9495779
9495778
9495773
9495768
9495765
9495764
9495763
9495762
9495761
9495758
9495755
9495753
9495752
9495748
9495745
9495741
9495739
9495738
9495737
9495733
9495731
9495730
9495725
9495724
9495723
9495715
9495714
9495713
9495711
9495710
9495708
9495707
9495705
9495702
9495696
9495695
9495694
9495693
9495692
9495691
9495689
9495685
9495681
9495677
9495676
9495674
9495673
9495672
9495671
9495667
9495666
9495663
9495662
9495660
9495659
9495652
9495644
9495643
9495641
9495638
9495636
9495634
9495633
9495630
9495628
9495627
9495625
9495624
9495622
9495621
9495618
9495617
9495616
9495615
9495613
9495612