9535605
9535600
9535560
9535546
9535545
9535511
9535505
9535494
9535493
9535466
9535460
9535427
9535421
9535399
9535394
9535393
9535380
9535352
9535338
9535329
9535318
9535277
9535260
9535255
9535232
9535227
9535201
9535172
9535150
9535133
9535129
9535098
9535094
9535092
9535077
9535064
9535059
9535028
9534989
9534971
9534966
9534960
9534950
9534935
9534933
9534904
9534896
9534856
9534840
9534838
9534828
9534812
9534803
9534799
9534748
9534737
9534729
9534698
9534685
9534638
9534613
9534550
9534549
9534545
9534529
9534521
9534511
9534498
9534491
9534407
9534383
9534372
9534356
9534336
9534313
9534304
9534271
9534269
9534258
9534210
9534189
9534163
9534143
9534126
9534120
9534101
9534100
9534056
9534023
9533982
9533948
9533929
9533914
9533911
9533868
9533862
9533844
9533761
9533755
9533742
9533718
9533701
9533685
9533595
9533576
9533574
9533571
9533568
9533549
9533523
9533516
9533491
9533487
9533484
9533482
9533466
9533461
9533420
9533411
9533408
9533374
9533340
9533337
9533330
9533326
9533324
9533313
9533302
9533295
9533271
9533252
9533228
9533211
9533200
9533186
9533184
9533179
9533140
9533138
9533113
9533111
9533083
9533069
9533058
9533048
9533018
9532992
9532963
9532960
9532956
9532933
9532915
9532897
9532896
9532894
9532887
9532833
9532829
9532824
9532823
9532818
9532812
9532805
9532800
9532777
9532731
9532722
9532702
9532636
9532633
9532626
9532615
9532582
9532560
9532556
9532545
9532538
9532532
9532500
9532493
9532490
9532466
9532449
9532376
9532363
9532352
9532323
9532305
9532233
9532223
9532188
9532179
9532105
9532083
9532063
9532015
9531986
9531970
9531957
9531950
9531935
9531907
9531830
9531807
9531795
9531773
9531772
9531757
9531729
9531725
9531724
9531661
9531643
9531632
9531627
9531602
9531595
9531571
9531552
9531532
9531527
9531525
9531520
9531515
9531487
9531473
9531466
9531462
9531458
9531449
9531445
9531425
9531404
9531400
9531388
9531351
9531338
9531337
9531335
9531328
9531319
9531308
9531295
9531294
9531289
9531247
9531241
9531226
9531208
9531187
9531160
9531159
9531147
9531124
9531080
9531057
9530980
9530979
9530942
9530938
9530905
9530868
9530824
9530803
9530791
9530736
9530729
9530701
9530696
9530689
9530683
9530668
9530666
9530658
9530656
9530637
9530619
9530584
9530579
9530572
9530529
9530467
9530451
9530412
9530396
9530367
9530349
9530348
9530305
9530254
9530248
9530242
9530229
9530211
9530172
9530168
9530137
9530076
9530075
9530033
9530027
9530012
9530001
9529986
9529961
9529955
9529934
9529856
9529855
9529843
9529788
9529756
9529753
9529730
9529715
9529691
9529686
9529673
9529643
9529631
9529614
9529556
9529540
9529537
9529536
9529521
9529519
9529503
9529471
9529440
9529416
9529391
9529359
9529351
9529343
9529339
9529323
9529322
9529302
9529296
9529293
9529281
9529272
9529246
9529238
9529235
9529234
9529230
9529227
9529217
9529207
9529206
9529185
9529172
9529166
9529156
9529149
9529144
9529130
9529121
9529120
9529043
9529040
9529009
9529003
9529001
9528982
9528957
9528953
9528940
9528937
9528913
9528909
9528904
9528891
9528890
9528887
9528879
9528870
9528862
9528859
9528845
9528843
9528811
9528747
9528731
9528705
9528698
9528693
9528680
9528665
9528661
9528653
9528646
9528580
9528578
9528572
9528566
9528544
9528536
9528532
9528508
9528506
9528485
9528470
9528460
9528447
9528440
9528424
9528405
9528402
9528359
9528330
9528321
9528312
9528310
9528308
9528296
9528279
9528219
9528198
9528172
9528154
9528117
9528098
9528048
9528037
9528026
9528025
9528019
9528000
9527986
9527965
9527936
9527930
9527923
9527915
9527908
9527864
9527860
9527838
9527828
9527827
9527818
9527817
9527809
9527808
9527798
9527775
9527746
9527728
9527680
9527676
9527646
9527642
9527636
9527632
9527630
9527588
9527562
9527541
9527504
9527480
9527450
9527449
9527433
9527403
9527401
9527360
9527348
9527304
9527301
9527298
9527297
9527281
9527276
9527271
9527265
9527258
9527257
9527253
9527252
9527246
9527202
9527201
9527200
9527196
9527176
9527174
9527158
9527148
9527128
9527116
9527097
9527094
9527092
9527076
9527072
9526991
9526988
9526977
9526958
9526952
9526946
9526943
9526918
9526917
9526899
9526875
9526873
9526871
9526869
9526867
9526862
9526846
9526839
9526828
9526825
9526803
9526793
9526792
9526787
9526769
9526767
9526766
9526735
9526698
9526664
9526631
9526620
9526617
9526596
9526582
9526580
9526558
9526551
9526541
9526540
9526539
9526529
9526484
9526477
9526468
9526462
9526442
9526422
9526421
9526400
9526336
9526292
9526283
9526272
9526270
9526216
9526180
9526171
9526165
9526163
9526151
9526117
9526113
9526111
9526093
9526023
9526021
9526015
9526010
9526009
9525981
9525976
9525970
9525958
9525885
9525883
9525878
9525857
9525856
9525855
9525852
9525846
9525839
9525837
9525812
9525811
9525799
9525795
9525775
9525753
9525724
9525699
9525691
9525689
9525679
9525671
9525638
9525631
9525568
9525564
9525557
9525548
9525501
9525500
9525477
9525475
9525457
9525442
9525438
9525430
9525419
9525413
9525363
9525346
9525321
9525307
9525278
9525276
9525256
9525249
9525247
9525238
9525202
9525170
9525167
9525163
9525133
9525122
9525115
9525109
9525094
9525074
9525058
9525036
9525006
9525004
9524981
9524960
9524947
9524939
9524936
9524916
9524912
9524901
9524896
9524895
9524891
9524876
9524874
9524867
9524859
9524854
9524847
9524846
9524841
9524835
9524833
9524823
9524819
9524805
9524779
9524777
9524771
9524770
9524765
9524762
9524761
9524757
9524756
9524745
9524731
9524719
9524713
9524708
9524700
9524689
9524634
9524606
9524600
9524582
9524581
9524567
9524554
9524548
9524547
9524531
9524515
9524513
9524490
9524489
9524486
9524482
9524480
9524479
9524477
9524465
9524436
9524415
9524409
9524408
9524407
9524404
9524399
9524377
9524371
9524359
9524356
9524338
9524324
9524320
9524319
9524314
9524309
9524294
9524285
9524252
9524233
9524225
9524224
9524193
9524189
9524179
9524158
9524138
9524123
9524108
9524104
9524075
9524053
9524033
9524027
9524026
9524020
9524011
9524009
9524004
9524001
9523944
9523935
9523901
9523897
9523891
9523889
9523878
9523857
9523845
9523829
9523822
9523800
9523798
9523794
9523786
9523760
9523743
9523742
9523725
9523699
9523696
9523695
9523689
9523679
9523657
9523646
9523613
9523612
9523602
9523599
9523597
9523594
9523592
9523572
9523564
9523538
9523518
9523487
9523484
9523480
9523450
9523435
9523429
9523426
9523400
9523357
9523356
9523354
9523343
9523340
9523331
9523326
9523318
9523315
9523294
9523293
9523255
9523223
9523222
9523215
9523197
9523145
9523142
9523141
9523139
9523137
9523131
9523122
9523116
9523105
9523082
9523078
9523061
9523028
9523015
9523010
9522999
9522998
9522995
9522989
9522987
9522984
9522978
9522977
9522960
9522957
9522956
9522951
9522948
9522944
9522935
9522929
9522908
9522904
9522895
9522894
9522877
9522876
9522867
9522858
9522856
9522852
9522850
9522836
9522801
9522799
9522796
9522791
9522786
9522773
9522766
9522744
9522734
9522722
9522706
9522705
9522684
9522683
9522677
9522655
9522646
9522645
9522643
9522638
9522625
9522623
9522622
9522621
9522619
9522608
9522598
9522580
9522572
9522567
9522550
9522522
9522492
9522487
9522482
9522479
9522475
9522457
9522451
9522441
9522437
9522418
9522408
9522389
9522382
9522378
9522371
9522366
9522362
9522355
9522349
9522348
9522315
9522311
9522299
9522297
9522287
9522284
9522278
9522264
9522260
9522259
9522235
9522225
9522217
9522215
9522184
9522183
9522181
9522173
9522158
9522151
9522146
9522124
9522109
9522098
9522078
9522062
9522041
9522014
9522009
9522005
9521995
9521987
9521985
9521982
9521968
9521951
9521950
9521945
9521943
9521940
9521938
9521895
9521885
9521832
9521829
9521827
9521823
9521792
9521780
9521779
9521777
9521759
9521749
9521732
9521729
9521726
9521717
9521697
9521684
9521660
9521655
9521638
9521634
9521633
9521627
9521625
9521612
9521600
9521598
9521591
9521579
9521572
9521550
9521542
9521501
9521492
9521482
9521480
9521473
9521458
9521457
9521454
9521419
9521414
9521408
9521402
9521392
9521385
9521373
9521358
9521353
9521348
9521344
9521323
9521316
9521303
9521285
9521277
9521257
9521250
9521243
9521237
9521221
9521219
9521190
9521189
9521187
9521186
9521185