9814446
9814385
9814345
9814253
9813790
9812803
9811743
9811595
9811557
9811277
9810994
9810789
9810549
9810474
9810424
9810050
9810007
9810006
9809989
9809825
9809486
9809451
9809223
9809054
9808921
9808826
9808770
9808617
9808490
9808317
9807943
9807804
9807797
9807777
9807366
9807090
9807030
9807017
9806965
9806805
9806535
9806208
9806193
9806167
9805615
9805497
9805470
9805103
9804916
9804530
9804331
9804236
9804009
9803914
9803903
9803341
9803247
9803224
9803070
9802934
9802925
9802891
9802783
9802746
9802690
9802689
9802282
9802247
9801939
9801898
9801606
9801500
9801159
9801078
9800962
9800954
9800742
9800670
9800471
9800465
9800369
9800199
9799935
9799857
9799362
9798927
9798693
9798360
9797932
9797765
9797660
9797501
9797417
9797171
9797046
9796634
9796625
9795970
9795958
9795669
9794815
9793984
9793829
9793582
9793555
9793426
9793061
9792855
9792732
9792671
9792470
9792348
9792318
9791717
9791704
9791604
9791566
9791483
9791376
9791366
9790684
9790581
9790410
9790393
9790338
9790270
9789892
9789873
9789852
9789690
9789670
9788431
9788359
9788304
9788198
9788156
9787892
9787882
9787705
9787571
9787437
9786935
9786473
9786321
9785938
9785762
9785430
9784983
9784695
9784639
9784471
9784362
9784279
9784185
9784175
9784162
9784161
9784028
9783859
9783721
9783654
9783449
9783429
9783269
9782703
9782178
9782118
9782103
9782036
9781944
9781858
9781823
9781479
9781444
9781269
9781263
9781164
9781087
9781014
9781000
9780914
9780587
9780125
9780109
9779963
9779945
9779892
9779291
9779207
9779083
9778734
9778624
9778603
9778246
9778178
9778165
9778130
9778027
9777981
9777952
9777805
9777780
9777720
9777708
9777697
9777558
9777465
9777414
9777314
9777136
9776432
9776291
9776163
9775626
9775401
9775226
9775132
9775082
9774516
9774109
9774011
9773699
9773652
9773651
9773642
9773381
9773374
9773363
9773289
9772705
9772617
9772463
9772191
9771848
9771718
9771630
9771599
9771412
9771291
9771062
9771028
9771016
9770948
9770947
9770878
9770680
9770622
9770204
9770029
9770027
9770003
9769940
9769908
9769847
9769774
9769723
9769710
9769662
9769657
9769641
9769625
9769510
9769509
9769458
9769390
9769205
9769149
9769082
9769078
9769076
9769017
9768810
9768795
9768545
9768395
9768312
9768179
9768143
9768092
9768056
9768000
9767781
9767566
9767364
9767273
9766694
9766628
9766317
9766298
9766244
9766207
9766154
9766153
9766144
9765921
9765870
9765356
9765168
9764981
9764960
9764912
9764895
9764882
9764696
9764693
9764665
9764558
9764420
9764376
9764360
9764358
9764224
9764176
9764170
9764150
9764123
9763764
9763727
9763676
9763654
9763525
9763438
9763406
9763158
9762832
9762825
9762485
9762321
9762320
9762313
9762262
9762165
9762159
9762052
9762020
9761944
9761834
9761437
9761428
9761378
9760959
9760784
9760667
9760417
9760399
9760375
9760281
9760141
9760057
9760055
9760045
9759896
9759872
9759730
9759666
9759541
9759448
9759097
9758973
9758923
9758883
9758866
9758813
9758770
9758752
9758685
9758530
9758295
9758017
9757973
9757912
9757903
9757867
9757866
9757850
9757798
9757797
9757695
9757637
9757575
9757557
9757548
9757322
9757206
9757083
9757055
9756978
9756948
9756880
9756852
9756825
9756807
9756756
9756674
9756610
9756475
9756430
9756393
9756370
9756367
9756205
9756176
9756151
9756084
9756071
9756057
9755979
9755735
9755693
9755596
9755574
9755553
9755543
9755525
9755466
9755447
9755253
9755140
9755124
9755043
9755008
9754946
9754931
9754800
9754692
9754652
9754566
9754534
9754529
9754501
9754334
9754244
9754229
9754226
9754176
9754131
9754092
9754062
9753972
9753880
9753845
9753805
9753802
9753796
9753795
9753771
9753726
9753706
9753680
9753647
9753525
9753506
9753474
9753416
9753300
9753174
9753150
9753134
9753129
9753117
9752969
9752915
9752880
9752863
9752849
9752781
9752724
9752659
9752621
9752618
9752415
9752248
9752194
9752193
9752186
9752184
9752156
9752131
9752074
9752044
9752010
9751990
9751948
9751892
9751887
9751846
9751829
9751824
9751819
9751800
9751696
9751686
9751685
9751605
9751542
9751506
9751311
9751303
9751262
9751237
9751227
9751090
9751013
9750895
9750842
9750721
9750672
9750641
9750629
9750601
9750572
9750540
9750477
9750305
9750078
9749653
9749463
9748313
9748102
9747994
9747978
9747395
9746783
9746606
9746052
9746025
9745490
9744742
9744536
9744006
9743396
9739430
9737266
9737097
9734969
9734947
9734143
9733638
9733432
9733423
9731750
9730887
9730420
9730384
9729183
9728812
9728738
9727906
9727868
9727209
9726920
9724207
9724172
9723709
9723573
9723477
9723446
9723214
9722903
9722718
9722394
9722266
9721232
9720168
9720050
9719773
9719412
9719203
9719020
9718844
9718508
9717616
9716274
9715889
9715536
9715421
9714719
9713866
9713437
9711991
9711808
9711523
9711438
9711366
9710901
9710558
9710408
9709394
9708585
9708453
9707269
9706594
9706161
9705623
9705397
9705344
9705186
9705157
9702001
9701974
9701722
9700933
9700786
9699892
9699798
9699537
9698971
9698879
9698724
9698638
9698323
9698095
9697952
9697937
9697818
9697150
9697105
9697077
9697019
9696962
9696958
9696689
9696153
9695353
9695290
9694990
9694871
9694521
9693503
9693029
9691432
9691228
9690349
9690348
9689979
9689894
9689272
9689001
9688922
9688469
9688419
9688023
9687509
9687421
9686298
9686117
9685888
9684771
9684386
9684248
9684050
9683385
9682928
9681446
9681100
9680758
9680124
9679365
9678717
9678160
9677603
9676821
9676770
9676241
9675925
9675532
9675242
9674275
9674198
9674002
9673872
9673715
9673671
9673309
9673086
9672796
9672474
9672012
9671994
9670876
9669609
9669155
9668874
9667237
9667007
9666880
9666192
9666050
9666047
9665785
9665386
9665365
9664039
9663662
9663035
9662080
9661685
9661398
9661081
9660862
9660356
9660331
9660060
9659646
9659522
9659426
9659374
9658725
9658700
9658592
9658324
9658318
9658028
9657996
9657993
9657772
9657767
9657648
9657576
9657436
9657420
9657411
9657332
9657138
9656548
9656436
9655272
9654681
9654304
9654004
9653872
9653285
9652727
9652648
9652504
9652014
9651608
9651558
9651510
9651439
9651343
9651043
9651012
9650775
9650707
9650427
9650415
9650309
9650218
9649757
9649699
9649595
9649489
9648924
9648572
9647877
9647870
9647583
9647148
9646493
9646487
9646376
9645433
9644778
9644368
9643950
9643870
9643568
9643352
9643347
9642912
9642836
9642611
9642320
9642097
9642065
9642037
9641857
9641719
9641604
9641109
9640915
9640826
9640711
9640591
9640447
9640032
9640003
9639612
9639439
9639427
9639227
9639185
9639131
9638991
9638953
9638676
9638011
9637986
9637984
9637949
9637629
9637607
9637606
9636714
9636199
9636065
9636001
9635832
9635511
9635199
9634949
9634474
9634381
9633969
9633863
9633586
9633311
9633273
9633252
9633222
9633207
9633194
9633122
9632473
9632100
9631976
9631716
9631549
9631473
9630752
9629922
9629787
9629770
9629731
9629655
9628874
9628814
9628562
9628475
9628336
9627716
9627672
9627132
9627046
9627008
9626986
9626539
9626144
9626118
9626096
9625945
9625908
9625337
9625312
9625310
9625175
9625028
9624972
9624862
9624842
9624636
9624132
9624119
9623866
9623695
9623068
9622684
9621970
9621552
9621473
9620268
9620206
9620074
9619628
9619501
9619474
9619060
9618827
9618445
9618134
9618006
9617895
9617671
9617562
9617506
9617406
9617368
9617017
9616975
9616963
9616894
9616699
9616310
9616145
9615883
9615657
9615603
9615575
9615351
9615260
9615096
9614878
9614836
9614768
9614602
9614569
9614430
9614191
9613860
9613266
9613230
9613050
9612378
9612288
9612116
9611978
9611785
9611707
9611360
9611332
9610906
9610625
9610609
9610086
9609975
9609885
9609772
9609757
9609663
9609566
9609418
9609394
9609305
9608794
9608543
9608257
9608195
9607714
9607642
9607155
9606923
9606674
9606382
9606066
9605758
9605575
9605189
9605177
9604879
9604764
9604570
9604506
9604393
9604182
9603658
9603557
9603390
9603315
9603189
9603029
9602919
9602918
9602828
9602533
9602169
9602140
9602133
9602018
9600552
9600481
9600447
9600352
9599985
9599824
9599661
9599338
9599131
9599059
9598796
9598479
9598369
9598326
9598205
9597959
9597920
9597605
9597510
9597507
9597442
9597402
9597349
9597295
9597263
9596890
9596328
9596241
9596234
9596034
9595925
9595784
9595137
9594847
9593637
9593608
9593322
9593250
9593204
9593129
9592816
9592805
9592554
9592251
9592153
9591556
9591432
9591369
9591310
9590621
9590593
9590513
9590462
9590366
9590058
9589928
9589767
9589741
9589681
9589161
9589123
9589097
9588939
9588773
9588689
9588661
9588438
9588436
9588376
9588191
9587866
9587313
9586760
9586609
9586566
9586323
9586303
9585993
9585992
9585882
9585879
9585778
9585734
9585712
9585639
9585606
9585244
9585070
9585054
9584917
9584907
9584743
9584549
9584526
9584428
9584422
9584409
9584071
9584017
9583823
9583736
9583509
9583227
9582953
9582158
9582148
9582086
9582014
9581677
9581454
9581080
9581027
9580916
9580300
9579971
9579639
9578957
9578651
9578310
9578283
9578243
9578184
9578106
9577901
9577895
9577724
9577578
9577461
9577420
9577047
9577010
9576780
9576417
9576288
9576251
9576226
9576181
9576163
9576051
9576000
9575885
9575878
9575841
9575719
9575524
9575355
9575328
9575288
9574919
9574905
9574863
9574791
9574393
9574291
9574249
9574151
9574048
9574045
9573930
9573851
9573823
9573800
9573736
9573620
9573608
9573561
9573528
9573468
9573437
9573334
9573270
9573203
9573164
9573093
9573012
9572853
9572824
9572648
9572537
9572520
9572447
9572406
9572314
9572209
9572202
9571937
9571910
9571644
9571594
9571501
9571487
9571418
9571403
9571286
9571263
9571249
9571197
9571155
9571085
9571003
9570988
9570934
9570720
9570680
9570503
9570458
9570449
9570398
9570392
9570338
9570177
9569945
9569828
9569805
9569798
9569778
9569514
9569492
9569353
9569208
9569140
9569119
9568973
9568927
9568903
9568879
9568836
9568721
9568411
9568265
9568196
9568192
9568184
9568034
9567872
9567825
9567817
9567608
9567567
9567426
9567404
9567371
9567244
9567186
9567129
9567112
9567087
9567011
9566859
9566782
9566521
9566424
9566348
9566335
9566299
9566113
9566040
9565853
9565814
9565786
9565772
9565690
9565666
9565454
9565434
9565399
9565217
9565197
9565184
9565081
9565008
9564909
9564827
9564798
9564742
9564723
9564684
9564662
9564509
9564446
9564398
9564326
9564298
9564274
9564263
9564200
9564050
9564029
9563936
9563899
9563713
9563598
9563562
9563488
9563369
9563309
9563287
9563076
9563058
9563008
9562890
9562841
9562808
9562755
9562721
9562707
9562693
9562588
9562573
9562544
9562494
9562441
9562400
9562364
9562174
9562127
9561933
9561817
9561720
9561617
9561444
9561361
9561357
9561287
9561255
9561242
9561079
9560998
9560985
9560883
9560878
9560833
9560789
9560756
9560606
9560542
9560503
9560446
9560259
9560118
9560038
9560028
9559994
9559960
9559946
9559912
9559894
9559845
9559831
9559801
9559799
9559797
9559789
9559761
9559737
9559693
9559680
9559564
9559483
9559434
9559430
9559426
9559415
9559399
9559264
9559210
9559197
9559192
9559166
9559135
9559112
9559059
9559055
9559041
9559007
9558899
9558745
9558735
9558648
9558627
9558622
9558473
9558459
9558402
9558251
9558098
9557984
9557962
9557956
9557859
9557853
9557724
9557678
9557647
9557623
9557500
9557389
9557331
9557296
9557230
9557154
9557122
9557045
9556995
9556976
9556916
9556854
9556797
9556763
9556742
9556725
9556668
9556664
9556660
9556637
9556617
9556601
9556541
9556493
9556413
9556350
9556285
9556261
9556210
9556199
9556194
9556173
9556135
9556127
9556054
9556036
9555999
9555987
9555978
9555977
9555958
9555926
9555861
9555776
9555651
9555626
9555585
9555533
9555515
9555501
9555491
9555490
9555474
9555473
9555469
9555402
9555278
9555265
9555264
9555234
9555233
9555216
9555171
9555116
9555093
9555062
9555054
9555048
9555017
9555015
9554982
9554942
9554915
9554882
9554865
9554818
9554805
9554783
9554778
9554726
9554630
9554619
9554603
9554581
9554574
9554573
9554569
9554558
9554556
9554552
9554503
9554489
9554476
9554466
9554406
9554363
9554358
9554321
9554312
9554274
9554202
9554179
9554120
9554105
9554099
9554096
9554086
9553956
9553874
9553859
9553797
9553748
9553746
9553697
9553694
9553649
9553623
9553600
9553577
9553574
9553438
9553399
9553393
9553346
9553319
9553244
9553226
9553206
9553179
9553143
9553104
9553062
9553033
9553009
9552954
9552920
9552917
9552913
9552894
9552890
9552886
9552882
9552877
9552864
9552857
9552819
9552816
9552774
9552771
9552732
9552716
9552632
9552623
9552606
9552576
9552568
9552542
9552518
9552509
9552502
9552495
9552425
9552387
9552350
9552303
9552291
9552283
9552253
9552229
9552203
9552201
9552200
9552195
9552176
9552163
9552153
9552149
9552117
9552100
9552093
9552076
9552057
9552052
9552044
9552035
9552030
9551980
9551954
9551942
9551923
9551911
9551903
9551901
9551891
9551854
9551826
9551821
9551809
9551796
9551792
9551761
9551745
9551738
9551724
9551713
9551711
9551694
9551665
9551660
9551650
9551648
9551621
9551586
9551572
9551543
9551527
9551523
9551514
9551501
9551500
9551496
9551473
9551289
9551182
9551157
9551155
9551072
9550859
9550807
9550799
9550797
9550738
9550647
9550632
9550563
9550511
9550413
9550305
9550286
9550281
9550227
9550168
9550092
9549980
9549975
9549972
9549964
9549960
9549895
9549840
9549816
9549791
9549689
9549563
9549387
9549372
9549367
9549314
9549176
9549149
9549061
9548961
9548943
9548880
9548875
9548753
9548727
9548693
9548629
9548592
9548568
9548466
9548452
9548431
9548361
9548334
9548332
9548324
9548256
9548185
9548184
9548111
9548080
9548048
9547953
9547869
9547801
9547689
9547654
9547622
9547618
9547609
9547601
9547595
9547564
9547530
9547454
9547419
9547324
9547281
9546868
9546852
9546809
9546793
9546692
9546670
9546534
9546488
9546401
9546297
9546288
9546263
9546047
9545968
9545943
9545934
9545885
9545863
9545791
9545781
9545705
9545698
9545675
9545661
9545550
9545522
9545521
9545470
9545448
9545432
9545394
9545369
9545349
9545319
9545315
9545284
9545226
9545223
9545144
9545124
9545107
9545104
9544950
9544938
9544918
9544884
9544734
9544668
9544623
9544574
9544520
9544502
9544438
9544401
9544324
9544263
9544250
9544240
9544125
9544047
9543911
9543909
9543790
9543774
9543743
9543724
9543705
9543686
9543666
9543535
9543531
9543463
9543400
9543251
9543246
9543241
9543233
9543211
9543117
9543062
9543044
9543024
9543014
9542977
9542973
9542945
9542944
9542889
9542859
9542853
9542852
9542756
9542755
9542728
9542691
9542682
9542584
9542370
9542367
9542274
9542269
9542260
9542225
9542184
9542145
9542102
9541857
9541848
9541814
9541779
9541750
9541704
9541701
9541546
9541471
9541468
9541453
9541414
9541382
9541354
9541348
9541326
9541325
9541318
9541314
9541294
9541289
9541245
9541241
9541234
9541222
9541189
9541168
9541158
9541131
9541128
9541110
9541097
9541056
9541007
9540995
9540986
9540909
9540902
9540881
9540850
9540845
9540833
9540811
9540791
9540752
9540749
9540721
9540716
9540599
9540583
9540545
9540502
9540460
9540415
9540397
9540383
9540365
9540359
9540352
9540351
9540286
9540249
9540199
9540186
9540133
9540119
9540117
9540074
9540048
9540033
9540018
9539986
9539870
9539843
9539813
9539809
9539775
9539724
9539711
9539596
9539572
9539527
9539522
9539517
9539499
9539490
9539486
9539478
9539449
9539402
9539397
9539362
9539317
9539309
9539283
9539247
9539205
9539192
9539168
9539158
9539142
9539124
9539119
9539116
9539079
9539064
9538991
9538926
9538908
9538870
9538861
9538853
9538747
9538745
9538740
9538702
9538696
9538664
9538645
9538609
9538574
9538539
9538492
9538360
9538287
9538282
9538200
9538143
9538103
9538057
9538035
9537931
9537904
9537745
9537723
9537680
9537667
9537649
9537642
9537640
9537627
9537626
9537619
9537591
9537589
9537541
9537514
9537505
9537501
9537484
9537437
9537423
9537419
9537408
9537402
9537372
9537335
9537332
9537323
9537317
9537251
9537234
9537199
9537187
9537157
9537155
9537112
9537099
9537092
9537051
9537015
9537008
9536995
9536895
9536889
9536832
9536809
9536768
9536766
9536747
9536624
9536616
9536548
9536531
9536500
9536487
9536464
9536460
9536450
9536431
9536383
9536372
9536358
9536354
9536279
9536202
9536201
9536183
9536177
9536158
9536156
9536135
9536134
9536112
9536084
9536047
9536039
9536038
9536011
9535924
9535895
9535892
9535860
9535848
9535814
9535813
9535793
9535786
9535745
9535726
9535722
9535708
9535694
9535659
9535657
9535656
9535648
9535627
9535617
9535616