9495603
9495602
9495599
9495595
9495593
9495589
9495588
9495585
9495582
9495580
9495577
9495573
9495571
9495570
9495569
9495566
9495565
9495564
9495562
9495561
9495560
9495559
9495558
9495557
9495555
9495554
9495552
9495551
9495550
9495548
9495546
9495545
9495542
9495540
9495532
9495528
9495524
9495523
9495522
9495520
9495518
9495514
9495512
9495511
9495510
9495508
9495507
9495503
9495501
9495500
9495497
9495495
9495494
9495493
9495491
9495487
9495485
9495479
9495478
9495473
9495471
9495470
9495468
9495467
9495466
9495464
9495463
9495460
9495458
9495457
9495454
9495452
9495450
9495447
9495446
9495444
9495442
9495440
9495439
9495438
9495437
9495435
9495433
9495432
9495431
9495430
9495429
9495425
9495423
9495421
9495419
9495416
9495411
9495410
9495409
9495405
9495403
9495402
9495401
9495400
9495396
9495395
9495394
9495392
9495389
9495388
9495386
9495384
9495381
9495380
9495379
9495377
9495376
9495374
9495373
9495372
9495370
9495369
9495367
9495366
9495361
9495357
9495356
9495352
9495344
9495341
9495339
9495335
9495334
9495331
9495326
9495323
9495315
9495314
9495313
9495310
9495301
9495300
9495291
9495290
9495284
9495280
9495279
9495278
9495277
9495276
9495272
9495267
9495264
9495263
9495260
9495259
9495257
9495256
9495253
9495251
9495245
9495240
9495238
9495228
9495225
9495224
9495221
9495218
9495214
9495212
9495211
9495207
9495205
9495201
9495200
9495199
9495198
9495182
9495181
9495180
9495179
9495176
9495173
9495171
9495170
9495169
9495165
9495164
9495161
9495160
9495159
9495149
9495148
9495147
9495145
9495143
9495140
9495139
9495135
9495134
9495132
9495130
9495128
9495125
9495123
9495122
9495121
9495116
9495115
9495112
9495110
9495107
9495103
9495099
9495098
9495092
9495091
9495090
9495086
9495085
9495084
9495079
9495069
9495068
9495065
9495064
9495063
9495062
9495061
9495054
9495053
9495052
9495051
9495049
9495048
9495042
9495041
9495040
9495039
9495038
9495037
9495036
9495035
9495033
9495032
9495031
9495029
9495026
9495025
9495023
9495019
9495018
9495017
9495015
9495014
9495011
9495009
9495008
9495007
9495006
9495005
9494995
9494993
9494989
9494988
9494987
9494981
9494974
9494970
9494969
9494968
9494967
9494965
9494964
9494963
9494961
9494959
9494956
9494952
9494951
9494950
9494948
9494947
9494943
9494941
9494937
9494936
9494935
9494934
9494933
9494932
9494929
9494926
9494925
9494924
9494922
9494920
9494919
9494918
9494917
9494915
9494914
9494911
9494907
9494906
9494905
9494902
9494901
9494897
9494895
9494894
9494892
9494890
9494888
9494885
9494884
9494883
9494877
9494875
9494873
9494872
9494871
9494870
9494869
9494866
9494862
9494861
9494859
9494857
9494856
9494855
9494854
9494853
9494851
9494849
9494847
9494845
9494844
9494842
9494838
9494834
9494833
9494831
9494830
9494825
9494824
9494820
9494816
9494812
9494811
9494808
9494806
9494802
9494795
9494793
9494789
9494787
9494785
9494783
9494779
9494778
9494776
9494772
9494771
9494770
9494765
9494756
9494752
9494750
9494744
9494743
9494742
9494737
9494734
9494730
9494723
9494721
9494719
9494718
9494714
9494713
9494712
9494711
9494710
9494705
9494703
9494701
9494697
9494692
9494690
9494689
9494684
9494683
9494682
9494675
9494673
9494669
9494668
9494659
9494658
9494655
9494647
9494646
9494643
9494640
9494638
9494637
9494635
9494632
9494631
9494629
9494628
9494627
9494622
9494620
9494619
9494618
9494612
9494610
9494609
9494607
9494603
9494601
9494600
9494599
9494597
9494593
9494592
9494589
9494588
9494586
9494585
9494584
9494582
9494580
9494577
9494574
9494571
9494569
9494567
9494561
9494554
9494553
9494550
9494545
9494541
9494538
9494535
9494532
9494531
9494530
9494527
9494523
9494519
9494514
9494507
9494506
9494501
9494500
9494499
9494497
9494496
9494494
9494488
9494484
9494480
9494479
9494474
9494470
9494469
9494466
9494465
9494463
9494462
9494460
9494459
9494458
9494456
9494455
9494453
9494452
9494451
9494448
9494445
9494442
9494441
9494440
9494436
9494435
9494433
9494429
9494428
9494425
9494423
9494420
9494419
9494410
9494409
9494407
9494404
9494400
9494398
9494396
9494395
9494391
9494389
9494387
9494386
9494384
9494382
9494380
9494379
9494378
9494377
9494375
9494373
9494372
9494371
9494370
9494368
9494363
9494361
9494359
9494351
9494345
9494344
9494335
9494320
9494318
9494312
9494310
9494306
9494304
9494301
9494296
9494294
9494289
9494285
9494282
9494280
9494278
9494277
9494275
9494271
9494270
9494263
9494257
9494256
9494254
9494252
9494249
9494247
9494246
9494244
9494240
9494239
9494238
9494237
9494236
9494235
9494233
9494231
9494226
9494225
9494223
9494220
9494218
9494216
9494215
9494213
9494212
9494206
9494203
9494202
9494199
9494196
9494195
9494194
9494191
9494189
9494188
9494187
9494186
9494185
9494184
9494183
9494181
9494180
9494177
9494176
9494174
9494171
9494169
9494161
9494160
9494159
9494158
9494156
9494153
9494152
9494151
9494149
9494147
9494144
9494142
9494137
9494134
9494133
9494132
9494130
9494121
9494118
9494117
9494116
9494115
9494110
9494107
9494106
9494105
9494103
9494102
9494100
9494098
9494097
9494096
9494094
9494092
9494091
9494090
9494085
9494084
9494083
9494082
9494081
9494078
9494076
9494075
9494072
9494071
9494069
9494067
9494066
9494065
9494062
9494060
9494057
9494056
9494054
9494053
9494052
9494051
9494049
9494047
9494046
9494045
9494044
9494043
9494041
9494039
9494038
9494034
9494033
9494032
9494029
9494028
9494024
9494021
9494020
9494019
9494018
9494016
9494012
9494011
9494010
9494006
9494005
9494004
9494001
9493998
9493996
9493993
9493992
9493991
9493990
9493988
9493986
9493985
9493983
9493981
9493980
9493979
9493976
9493974
9493973
9493969
9493968
9493965
9493964
9493963
9493962
9493960
9493958
9493956
9493955
9493954
9493952
9493951
9493948
9493947
9493944
9493943
9493941
9493940
9493939
9493938
9493937
9493934
9493932
9493930
9493928
9493927
9493924
9493923
9493922
9493920
9493919
9493918
9493916
9493915
9493912
9493910
9493908
9493904
9493903
9493902
9493900
9493899
9493898
9493896
9493895
9493894
9493892
9493890
9493889
9493885
9493884
9493882
9493880
9493877
9493874
9493871
9493870
9493869
9493868
9493865
9493864
9493863
9493862
9493860
9493857
9493856
9493855
9493854
9493850
9493849
9493848
9493846
9493843
9493838
9493834
9493833
9493830
9493829
9493828
9493826
9493824
9493823
9493819
9493817
9493816
9493815
9493814
9493813
9493810
9493809
9493808
9493807
9493806
9493805
9493803
9493800
9493799
9493798
9493797
9493795
9493794
9493793
9493789
9493788
9493787
9493785
9493784
9493783
9493782
9493779
9493778
9493777
9493776
9493772
9493771
9493769
9493768
9493767
9493765
9493764
9493763
9493761
9493759
9493756
9493754
9493753
9493751
9493750
9493747
9493746
9493745
9493742
9493735
9493734
9493731
9493730
9493729
9493728
9493727
9493725
9493724
9493720
9493719
9493717
9493715
9493714
9493713
9493711
9493710
9493709
9493708
9493707
9493705
9493701
9493699
9493694
9493691
9493690
9493688
9493687
9493684
9493683
9493679
9493678
9493677
9493671
9493670
9493669
9493668
9493664
9493659
9493657
9493655
9493653
9493652
9493648
9493641
9493638
9493637
9493636
9493635
9493634
9493631
9493630
9493628
9493627
9493626
9493624
9493622
9493619
9493617
9493615
9493614
9493612
9493609
9493608
9493606
9493605
9493603
9493599
9493598
9493596
9493595
9493593
9493592
9493591
9493590
9493589
9493588
9493586
9493584
9493582
9493580
9493579
9493578
9493576
9493575
9493574
9493572
9493571
9493569
9493566
9493564
9493562
9493558
9493557
9493556
9493555
9493554
9493552
9493551
9493548
9493544
9493542
9493541
9493540
9493539
9493538
9493536
9493534
9493533
9493530
9493529
9493527
9493526
9493525
9493523
9493519
9493517
9493512
9493511
9493510
9493509
9493508
9493507
9493506
9493505
9493504
9493503
9493502
9493498
9493497
9493494
9493493
9493492
9493490
9493488
9493484
9493481
9493480
9493477
9493475
9493472
9493471
9493470
9493469
9493468
9493467
9493464
9493463
9493462
9493459
9493458
9493457
9493451
9493450
9493448
9493447
9493445
9493444
9493443
9493441
9493439
9493437
9493436
9493435
9493434
9493432
9493431
9493428
9493425
9493424
9493423
9493422
9493420
9493418
9493417
9493416
9493415