9484368
9484365
9484363
9484361
9484355
9484354
9484352
9484351
9484350
9484349
9484341
9484338
9484334
9484331
9484328
9484327
9484326
9484324
9484322
9484321
9484320
9484317
9484316
9484314
9484312
9484311
9484309
9484306
9484304
9484297
9484294
9484293
9484290
9484285
9484284
9484283
9484282
9484281
9484280
9484272
9484271
9484270
9484269
9484268
9484266
9484259
9484255
9484254
9484253
9484251
9484245
9484235
9484229
9484228
9484226
9484224
9484222
9484216
9484214
9484205
9484204
9484203
9484200
9484197
9484194
9484184
9484180
9484170
9484167
9484166
9484164
9484156
9484151
9484147
9484135
9484134
9484131
9484129
9484128
9484121
9484117
9484112
9484106
9484101
9484097
9484095
9484094
9484090
9484084
9484083
9484081
9484079
9484078
9484066
9484062
9484055
9484043
9484042
9484038
9484034
9484031
9484029
9484008
9484000
9483992
9483976
9483904
9483901
9483881
9483837
9483780
9483751
9483737
9483697
9483696
9483673
9483666
9483648
9483636
9483632
9483630
9483626
9483625
9483604
9483531
9483500
9483483
9483482
9483452
9483425
9483424
9483406
9483400
9483377
9483363
9483336
9483307
9483216
9483186
9483165
9483157
9483123
9483113
9483111
9483100
9483077
9483029
9483006
9482979
9482941
9482891
9482880
9482874
9482853
9482849
9482839
9482828
9482826
9482823
9482811
9482778
9482771
9482769
9482736
9482688
9482675
9482673
9482665
9482610
9482586
9482581
9482535
9482514
9482503
9482502
9482483
9482433
9482407
9482401
9482398
9482378
9482290
9482263
9482227
9482178
9482144
9482143
9482139
9482132
9482125
9482123
9482102
9482086
9482080
9482043
9482025
9482010
9481973
9481960
9481959
9481958
9481934
9481919
9481910
9481878
9481865
9481860
9481847
9481826
9481819
9481814
9481780
9481761
9481760
9481746
9481731
9481727
9481666
9481657
9481656
9481652
9481635
9481626
9481619
9481606
9481599
9481596
9481590
9481578
9481574
9481560
9481555
9481551
9481520
9481516
9481515
9481503
9481495
9481493
9481487
9481483
9481482
9481476
9481468
9481467
9481466
9481457
9481449
9481447
9481431
9481426
9481408
9481401
9481399
9481377
9481365
9481337
9481308
9481307
9481295
9481290
9481284
9481283
9481249
9481242
9481193
9481191
9481189
9481177
9481173
9481172
9481166
9481154
9481146
9481118
9481104
9481099
9481084
9481062
9481060
9481058
9481051
9481047
9481035
9481011
9481010
9481005
9481000
9480996
9480990
9480956
9480942
9480933
9480903
9480900
9480899
9480891
9480873
9480789
9480771
9480760
9480759
9480731
9480728
9480717
9480713
9480705
9480699
9480697
9480691
9480682
9480676
9480675
9480674
9480671
9480664
9480656
9480651
9480648
9480642
9480641
9480625
9480622
9480617
9480615
9480614
9480611
9480609
9480608
9480603
9480602
9480587
9480581
9480578
9480573
9480572
9480571
9480559
9480538
9480530
9480529
9480528
9480502
9480498
9480494
9480493
9480492
9480486
9480474
9480457
9480456
9480451
9480442
9480439
9480429
9480418
9480416
9480412
9480408
9480406
9480403
9480399
9480390
9480387
9480384
9480374
9480366
9480363
9480359
9480331
9480322
9480314
9480306
9480292
9480291
9480289
9480278
9480276
9480268
9480266
9480251
9480249
9480245
9480243
9480242
9480237
9480231
9480221
9480217
9480212
9480211
9480209
9480207
9480198
9480185
9480184
9480177
9480167
9480159
9480157
9480155
9480154
9480136
9480130
9480122
9480120
9480116
9480110
9480105
9480104
9480099
9480081
9480064
9480059
9480050
9480048
9480044
9480041
9480040
9480036
9480032
9480028
9480024
9480023
9480013
9480007
9480002
9479987
9479982
9479972
9479967
9479966
9479962
9479957
9479955
9479954
9479939
9479935
9479924
9479917
9479911
9479903
9479900
9479895
9479892
9479889
9479882
9479880
9479878
9479873
9479871
9479863
9479862
9479858
9479856
9479854
9479853
9479850
9479844
9479838
9479836
9479821
9479820
9479818
9479816
9479808
9479807
9479806
9479798
9479792
9479786
9479778
9479768
9479755
9479753
9479748
9479747
9479746
9479745
9479741
9479739
9479728
9479726
9479720
9479719
9479718
9479711
9479710
9479708
9479693
9479690
9479687
9479682
9479680
9479679
9479672
9479669
9479667
9479666
9479665
9479661
9479659
9479658
9479657
9479654
9479652
9479651
9479650
9479648
9479646
9479644
9479642
9479640
9479639
9479638
9479635
9479634
9479625
9479624
9479622
9479619
9479617
9479612
9479600
9479599
9479598
9479596
9479592
9479591
9479590
9479583
9479582
9479581
9479570
9479569
9479566
9479564
9479562
9479556
9479555
9479551
9479549
9479539
9479528
9479524
9479522
9479516
9479509
9479507
9479506
9479505
9479501
9479500
9479491
9479489
9479487
9479480
9479476
9479475
9479474
9479473
9479467
9479465
9479458
9479457
9479449
9479443
9479440
9479439
9479438
9479436
9479433
9479426
9479421
9479419
9479418
9479410
9479408
9479395
9479390
9479386
9479382
9479377
9479375
9479372
9479370
9479369
9479368
9479359
9479358
9479357
9479354
9479353
9479350
9479345
9479342
9479338
9479335
9479332
9479328
9479326
9479325
9479323
9479316
9479314
9479312
9479310
9479307
9479302
9479299
9479298
9479297
9479294
9479290
9479289
9479288
9479286
9479285
9479282
9479281
9479279
9479272
9479263
9479261
9479259
9479254
9479245
9479239
9479233
9479231
9479228
9479227
9479225
9479221
9479215
9479210
9479205
9479194
9479188
9479186
9479183
9479176
9479173
9479171
9479169
9479161
9479158
9479128
9479062
9479035
9479018
9478982
9478927
9478923
9478915
9478845
9478821
9478818
9478812
9478810
9478776
9478769
9478717
9478685
9478675
9478658
9478551
9478530
9478503
9478464
9478441
9478434
9478368
9478366
9478364
9478359
9478334
9478314
9478312
9478303
9478287
9478276
9478267
9478255
9478247
9478242
9478222
9478198
9478150
9478146
9478134
9478132
9478097
9478090
9478078
9478075
9478018
9478017
9477980
9477977
9477932
9477930
9477917
9477905
9477899
9477854
9477839
9477803
9477800
9477798
9477797
9477792
9477778
9477777
9477759
9477753
9477746
9477718
9477711
9477686
9477666
9477660
9477657
9477652
9477634
9477633
9477631
9477626
9477619
9477611
9477606
9477602
9477595
9477587
9477583
9477572
9477570
9477515
9477512
9477508
9477484
9477464
9477453
9477435
9477434
9477425
9477424
9477418
9477409
9477400
9477395
9477392
9477389
9477386
9477383
9477371
9477369
9477360
9477355
9477351
9477347
9477344
9477343
9477336
9477329
9477325
9477310
9477306
9477303
9477299
9477297
9477288
9477281
9477277
9477273
9477255
9477252
9477236
9477235
9477230
9477225
9477222
9477221
9477218
9477217
9477211
9477206
9477205
9477202
9477198
9477195
9477194
9477192
9477191
9477184
9477181
9477176
9477170
9477169
9477168
9477162
9477159
9477158
9477156
9477152
9477136
9477125
9477122
9477120
9477118
9477117
9477116
9477111
9477110
9477103
9477101
9477100
9477097
9477094
9477093
9477089
9477088
9477087
9477083
9477079
9477076
9477073
9477072
9477071
9477069
9477066
9477063
9477058
9477051
9477050
9477045
9477044
9477042
9477041
9477040
9477037
9477034
9477030
9477028
9477024
9477017
9477016
9477014
9477012
9477011
9477007
9477006
9477003
9476999
9476998
9476997
9476995
9476994
9476991
9476988
9476987
9476984
9476983
9476981
9476976
9476971
9476946
9476945
9476944
9476938
9476935
9476929
9476928
9476927
9476925
9476922
9476921
9476920
9476919
9476916
9476909
9476908
9476906
9476904
9476903
9476902
9476901
9476899
9476897
9476896
9476894
9476892
9476889
9476884
9476880
9476877
9476876
9476874
9476866
9476865
9476862
9476858
9476856
9476854
9476853
9476849
9476848
9476847
9476846
9476841
9476838
9476834
9476832
9476830
9476827
9476826
9476823
9476822
9476815
9476813
9476804
9476793
9476792
9476788
9476783
9476782
9476781
9476778
9476776
9476771
9476769
9476768
9476766
9476762
9476760
9476759
9476751
9474250
9473636
9470401
9469836
9469636
9469371
9468835
9467863
9467798
9467360
9467339
9466662
9466498
9449885
9446388
9445145
9441914
9441878
9440675
9439993
9426610
9421148
9523441
9521730
9509511
9509126
9502866
9497785
9497180
9495794
9495022
9492770
9490338
9489763
9487615
9485946
9480216
9554333
9545835
9521621
9518285
9517850
9512863
9511561
9511413
9509477
9506214
9504245
9503099
9501240
9499750
9499094
9498689
9498651
9497925
9496884
9496429
9495781
9495382
9495286
9494815
9494524
9492083