9512124
9512111
9512109
9512098
9512097
9512096
9512089
9512086
9512065
9512049
9512042
9512024
9512022
9512017
9512016
9512012
9511991
9511984
9511949
9511948
9511929
9511922
9511917
9511903
9511902
9511872
9511871
9511865
9511862
9511855
9511847
9511822
9511818
9511815
9511805
9511790
9511769
9511752
9511732
9511729
9511719
9511711
9511707
9511688
9511670
9511668
9511660
9511644
9511631
9511627
9511625
9511618
9511617
9511612
9511605
9511600
9511595
9511573
9511572
9511567
9511555
9511550
9511546
9511545
9511542
9511538
9511527
9511525
9511512
9511507
9511497
9511494
9511492
9511487
9511486
9511484
9511483
9511465
9511459
9511457
9511454
9511452
9511447
9511442
9511439
9511427
9511426
9511412
9511408
9511396
9511395
9511393
9511392
9511390
9511369
9511358
9511352
9511340
9511334
9511333
9511323
9511320
9511314
9511313
9511309
9511301
9511300
9511297
9511293
9511287
9511277
9511276
9511272
9511268
9511264
9511260
9511257
9511253
9511247
9511232
9511223
9511221
9511218
9511216
9511212
9511211
9511201
9511198
9511194
9511189
9511179
9511175
9511174
9511171
9511169
9511165
9511161
9511159
9511157
9511156
9511154
9511148
9511146
9511144
9511143
9511137
9511129
9511125
9511123
9511118
9511117
9511114
9511110
9511104
9511100
9511097
9511093
9511089
9511087
9511085
9511083
9511079
9511073
9511072
9511049
9511042
9511039
9511034
9511032
9511009
9511004
9510996
9510995
9510991
9510981
9510979
9510978
9510976
9510973
9510966
9510964
9510963
9510949
9510947
9510923
9510921
9510916
9510915
9510914
9510904
9510903
9510898
9510885
9510866
9510864
9510858
9510855
9510853
9510840
9510832
9510830
9510827
9510826
9510825
9510824
9510820
9510813
9510802
9510801
9510789
9510787
9510765
9510763
9510749
9510748
9510747
9510743
9510742
9510741
9510726
9510724
9510719
9510714
9510703
9510701
9510697
9510695
9510694
9510681
9510677
9510672
9510671
9510666
9510648
9510639
9510637
9510619
9510610
9510602
9510599
9510596
9510595
9510582
9510579
9510569
9510556
9510552
9510542
9510533
9510532
9510530
9510523
9510522
9510520
9510519
9510509
9510501
9510496
9510490
9510481
9510480
9510475
9510466
9510463
9510451
9510448
9510446
9510443
9510437
9510432
9510431
9510417
9510412
9510398
9510395
9510391
9510386
9510379
9510353
9510350
9510343
9510339
9510338
9510337
9510332
9510324
9510317
9510314
9510311
9510294
9510270
9510264
9510263
9510256
9510255
9510241
9510230
9510211
9510210
9510205
9510198
9510191
9510186
9510181
9510179
9510166
9510163
9510161
9510153
9510144
9510128
9510114
9510103
9510101
9510085
9510076
9510073
9510062
9510059
9510050
9510049
9510046
9510032
9510028
9510021
9510017
9510015
9510012
9510002
9510001
9509995
9509981
9509973
9509965
9509963
9509961
9509953
9509947
9509945
9509944
9509941
9509940
9509938
9509927
9509918
9509917
9509914
9509901
9509891
9509876
9509873
9509871
9509854
9509849
9509844
9509822
9509808
9509806
9509804
9509790
9509786
9509782
9509778
9509777
9509753
9509751
9509749
9509747
9509729
9509728
9509717
9509716
9509709
9509694
9509692
9509691
9509687
9509676
9509675
9509667
9509665
9509663
9509662
9509660
9509652
9509644
9509641
9509640
9509633
9509629
9509621
9509619
9509616
9509612
9509609
9509604
9509603
9509595
9509590
9509580
9509571
9509563
9509545
9509544
9509543
9509540
9509533
9509520
9509507
9509505
9509500
9509484
9509482
9509481
9509476
9509475
9509469
9509458
9509457
9509454
9509445
9509433
9509423
9509421
9509417
9509415
9509400
9509399
9509398
9509390
9509388
9509379
9509378
9509375
9509373
9509366
9509364
9509362
9509359
9509342
9509336
9509335
9509325
9509324
9509323
9509321
9509317
9509314
9509305
9509299
9509292
9509290
9509281
9509280
9509278
9509275
9509274
9509264
9509257
9509244
9509243
9509240
9509239
9509236
9509233
9509213
9509196
9509194
9509191
9509186
9509180
9509176
9509173
9509166
9509162
9509156
9509155
9509154
9509152
9509147
9509146
9509142
9509138
9509136
9509135
9509134
9509133
9509131
9509130
9509129
9509125
9509122
9509115
9509113
9509110
9509109
9509106
9509098
9509097
9509094
9509092
9509085
9509078
9509066
9509065
9509064
9509061
9509059
9509058
9509053
9509047
9509043
9509042
9509041
9509040
9509038
9509036
9509032
9509031
9509030
9509026
9509022
9509019
9509014
9509006
9509004
9509003
9509001
9508999
9508989
9508986
9508983
9508982
9508981
9508976
9508970
9508965
9508957
9508953
9508945
9508943
9508940
9508938
9508937
9508930
9508928
9508926
9508924
9508918
9508913
9508912
9508911
9508910
9508906
9508902
9508897
9508892
9508889
9508875
9508868
9508858
9508854
9508853
9508851
9508844
9508842
9508838
9508832
9508827
9508825
9508822
9508820
9508819
9508818
9508815
9508804
9508803
9508801
9508796
9508794
9508792
9508786
9508784
9508780
9508767
9508766
9508764
9508761
9508758
9508755
9508752
9508751
9508750
9508730
9508727
9508721
9508713
9508705
9508702
9508701
9508700
9508699
9508696
9508691
9508688
9508676
9508664
9508660
9508658
9508654
9508653
9508651
9508649
9508646
9508644
9508628
9508627
9508622
9508612
9508606
9508605
9508590
9508583
9508578
9508571
9508570
9508569
9508552
9508548
9508539
9508537
9508534
9508533
9508530
9508524
9508523
9508520
9508519
9508514
9508507
9508492
9508487
9508484
9508475
9508473
9508472
9508471
9508470
9508467
9508443
9508434
9508428
9508427
9508422
9508421
9508407
9508405
9508395
9508394
9508379
9508378
9508372
9508371
9508368
9508362
9508352
9508344
9508341
9508339
9508338
9508336
9508331
9508329
9508315
9508310
9508309
9508298
9508296
9508291
9508286
9508285
9508282
9508278
9508277
9508276
9508275
9508273
9508263
9508254
9508245
9508244
9508242
9508234
9508233
9508227
9508225
9508223
9508214
9508207
9508205
9508196
9508186
9508184
9508183
9508182
9508179
9508172
9508171
9508169
9508168
9508165
9508161
9508160
9508158
9508157
9508151
9508146
9508143
9508139
9508138
9508123
9508119
9508113
9508112
9508110
9508087
9508079
9508075
9508068
9508060
9508006
9508005
9507998
9507995
9507994
9507990
9507980
9507970
9507965
9507953
9507952
9507949
9507930
9507924
9507920
9507913
9507904
9507902
9507882
9507872
9507866
9507855
9507843
9507820
9507815
9507791
9507786
9507783
9507753
9507749
9507731
9507728
9507720
9507712
9507710
9507707
9507692
9507660
9507651
9507643
9507629
9507605
9507600
9507588
9507586
9507579
9507564
9507560
9507559
9507557
9507552
9507546
9507544
9507528
9507525
9507515
9507505
9507490
9507486
9507483
9507478
9507473
9507458
9507455
9507453
9507452
9507444
9507437
9507434
9507431
9507428
9507416
9507414
9507410
9507408
9507406
9507393
9507392
9507390
9507388
9507386
9507382
9507377
9507375
9507374
9507372
9507366
9507365
9507364
9507342
9507330
9507310
9507309
9507305
9507304
9507294
9507293
9507287
9507284
9507275
9507269
9507267
9507265
9507262
9507261
9507258
9507256
9507245
9507240
9507235
9507229
9507220
9507205
9507204
9507199
9507197
9507194
9507192
9507190
9507183
9507174
9507171
9507166
9507123
9507120
9507115
9507111
9507109
9507106
9507096
9507093
9507090
9507086
9507075
9507071
9507064
9507059
9507058
9507057
9507054
9507042
9507038
9507033
9507030
9507024
9507023
9507021
9507017
9507012
9507005
9507002
9506999
9506997
9506994
9506992
9506990
9506989
9506986
9506984
9506977
9506975
9506972
9506971
9506967
9506949
9506942
9506940
9506936
9506932
9506931
9506924
9506921
9506919
9506916
9506903
9506900
9506889
9506888
9506886
9506885
9506884
9506882
9506877
9506876
9506875
9506872
9506853
9506850
9506848
9506846
9506843
9506840
9506822
9506821
9506820
9506819
9506813
9506812
9506809
9506805
9506803
9506802
9506800
9506795
9506793
9506781
9506769
9506762
9506760
9506759
9506748
9506745
9506744
9506743
9506740
9506736
9506735
9506733
9506731
9506727
9506724
9506722
9506721
9506718
9506717
9506714
9506713
9506711
9506710
9506702
9506701
9506700
9506698
9506695
9506693
9506690
9506687
9506682
9506681
9506680
9506673
9506672
9506668
9506661
9506660
9506659
9506654
9506653
9506650
9506647
9506645
9506644
9506634
9506633
9506626
9506624
9506623
9506613
9506605
9506604
9506600
9506598
9506597
9506594
9506592
9506588
9506587
9506585
9506582
9506581